,11,21,22,23,31-33,42,44-45,48-49,51,52,53,54,55,56,61,62,71,72,81,92,1114,1151,2111,2131,2211,2212,2361,2371,2381,2382,2389,3118,3119,3121,3159,3162,3169,3219,3222,3231,3255,3271,3272,3312,3313,3323,3325,3328,3329,3331,3334,3344,3345,3352,3361,3364,3369,3391,3399,4231,4232,4233,4234,4235,4236,4237,4238,4242,4244,4245,4246,4247,4249,4411,4412,4421,4431,4441,4442,4451,4453,4461,4471,4482,4483,4511,4522,4523,4531,4532,4533,4543,4811,4821,4831,4841,4851,4852,4853,4854,4859,4871,4881,4883,4884,4885,4889,4911,4921,4931,5111,5121,5122,5151,5152,5179,5182,5191,5221,5222,5223,5231,5241,5242,5259,5311,5312,5321,5322,5323,5324,5411,5412,5413,5416,5417,5418,5511,5613,5614,5616,5619,5621,5622,5629,6111,6112,6113,6114,6115,6116,6117,6211,6212,6214,6215,6216,6219,6221,6222,6223,6231,6233,6241,6242,6244,7111,7112,7113,7121,7131,7132,7211,7212,7223,7224,8111,8114,8122,8123,8131,8132,8133,8134,8139,9211,9221,9231,9261,9281
11,1.0,-0.311857666377932,-0.10535084607981095,-0.014735310198216625,0.04040420352196931,-0.011908507392110568,0.3437513947639694,0.19601606377986525,0.35714021795037065,0.25267295728944167,0.29200100763863746,0.24785422295299742,-0.43138573528925617,0.2091556623381891,-0.11223719750219993,0.2726699891420592,0.436581542022972,0.34521492086084254,0.3043441727799989,0.12215357668998125,0.9721779129905709,0.33831825128312587,,-0.3057049974588387,-0.16493132301715607,0.09601904682902022,-0.47105261294998396,-0.2394864205663219,0.1149204169897623,0.037169759827120834,0.07699453745607968,0.34916726720731894,0.04452155375303096,0.3884410944476489,-0.17856264882220813,,0.24488088535519184,0.4496042521509346,0.33306907182558293,0.20197835412296847,,-0.11335713068521774,-0.08216441392075542,-0.40546997607473895,-0.3779105646228208,-0.3954990644216525,0.019748444428438972,-0.13082069983045963,0.1717872290593471,,0.22304841039902296,,0.49125844579506395,0.06451935651804262,-0.05745935994982071,,0.18468606757630612,-0.21265521836051912,-0.31921455961867584,-0.237397141295901,,0.2877489787948175,0.2972003912953371,-0.20782534966425903,-0.3092133429339643,-0.11277686597494062,0.05278578175551936,0.24275361688633848,-0.29581379169176814,,-0.1716636029441046,-0.15011670292918175,-0.00015322067150719956,0.24708647480226495,-0.19422381519035417,0.2386925029554508,0.230122851812502,0.296840113887901,0.03361833491219094,0.21022742009569512,0.4481699671612971,0.2853495214711201,0.6165473590413253,0.37883039397848817,0.45485965292861447,0.34783573954365415,0.3401505685202062,0.5684043762369643,0.27947411932820365,0.35923430590640987,0.32642802111297503,-0.16862424446058102,0.4395634273959921,0.28291132484994425,0.20778899658034333,-0.04954991274158188,-0.40593881813382404,0.12965354808830942,0.2524644268583165,-0.024908736324485883,-0.15671853504742228,0.05896914147940132,0.27115956167928174,-0.033337127489106604,0.3010947583524903,-0.46251098840169724,0.2974154643776693,0.26119198078316674,0.008343584016756743,-0.5479706889861605,0.03538381625267135,0.339564813094457,0.2134786168960458,0.32475553494958076,-0.3141096250284542,-0.3029762204427407,0.06746536108596554,0.4387386541191634,0.5456801188689903,0.32907687672575925,0.2522227773151909,0.35084752360143323,-0.3142636543246676,-0.02165574086868189,0.14300194004711866,0.6147760468947747,0.27444908308770244,0.34543724863304126,0.3144544317478116,0.18119921448717868,-0.14842108236296675,-0.11906021061185608,0.1366133361642101,0.0986946016109263,0.32762740993803596,0.016749091369743525,0.3076084427224553,-0.43138573528925617,-0.17419487455554233,-0.4521246627709858,0.2825229131825395,0.36456459437780875,-0.036970339399887316,-0.28838370438286354,-0.1750739801916714,-0.22662981902282184,-0.3819375127397747,-0.20325183489704451,0.3811717331216759,0.0014188549761340122,0.3416058174042118,-0.08735097466450151,0.3199300272576375,0.2477410831331578,0.25348923642437654,0.34564246221543554,0.10829770818175243,0.1487612225638058,0.3026177583692838,0.0422749987810703,0.295298968490807,0.13548337464379617,0.006278078614877242,0.28856016099263176,-0.05520084463734382,-0.10359407784028449,0.3500128935764537,-0.17695916070577536,0.33415143906811656,0.4803061262504468,0.19169486501282287,0.37761261340584074,-0.27163109847160455,0.050657325351025774,0.14551707380853493,0.3473928420274375,0.24491854944649283,0.2645911829749568,0.350509846481998,0.34093115503048466,0.28769550169446495,0.13876259171800312,0.31034050067474744,0.013921013253654628,-0.2074521472756186,0.0675426125766657,0.06828635431469718,0.2362424681171831,0.27610882971067396,0.605252161253074
21,-0.311857666377932,1.0,0.046721456638929036,-0.11277705956309372,-0.1123196533492349,-0.10204797701703619,-0.30933607967019894,-0.21824490440321442,-0.32256403927213234,-0.1655361128911232,-0.2526689280911819,-0.2283854711414596,0.4675754010442441,-0.22479684066759528,0.03587343827239937,-0.28332279247625886,-0.3716276045959873,-0.33065163900626926,-0.30430594333469996,-0.19559417749920868,-0.3070379177711019,-0.06712926207003236,,0.9971005543153927,0.10991323858746563,-0.15464953054616631,0.17791625718185708,0.11530050225038026,-0.2150759291394018,-0.1341371414142178,-0.16294606719882615,-0.34988761430924104,0.05910256035677628,-0.37554071294939106,0.11262527326603253,,-0.14250800964665372,-0.3563604933976694,-0.16960026841521814,-0.2236974216554482,,0.005621479434142972,-0.08685550729049492,0.14732301826563354,0.2961302642055915,0.27041219813260076,-0.11129851883425741,0.03711521728390355,-0.1992310170188889,,-0.029536063711980514,,-0.3558788077245261,-0.08786169408377757,-0.05420617728254608,,-0.11935931839359808,0.17946833548312616,0.17550313643475718,0.0033050658854992935,,-0.2658060607293858,-0.28788692637994245,0.08417503201122127,0.3798377626127347,-0.04384016945471522,-0.15022322933391027,-0.2588527716149236,0.18110415298075316,,0.2271086506440286,0.0470154353498384,0.1383013252518373,-0.2618948260771168,-0.06253416487840383,-0.2369196399744292,-0.23926384173787427,-0.26366594782928093,-0.11162763043143865,-0.23127832076318783,-0.35174301125256857,-0.27574774409153224,-0.46083821419562504,-0.31104990440931574,-0.32643675014594153,-0.3073740078100364,-0.27247234217777166,-0.41885034750268374,-0.3204341339119172,-0.29867014892861754,-0.2958564569358337,0.13121686693786788,-0.16072380089691574,-0.30602411339942054,-0.28026891644390617,0.10666005193278204,0.26817660413314964,-0.2671649626108285,-0.29890575824967003,0.07990766528090532,-0.05055213920854701,-0.145080764782496,-0.25039507577248943,-0.08712931544409358,-0.29274494877627794,0.3002662957522042,-0.0634523926036246,-0.1061696018425491,-0.06187299488103606,0.32572086074283607,-0.08546839316441422,-0.3238191235074826,-0.2154603495862891,-0.22861319027246402,0.08182488108150619,0.2861960145000548,0.02894869921626115,-0.4013820733348523,-0.3914752730293984,-0.2721149838145558,-0.1776739708845832,-0.10125193269502104,0.35721258162345104,-0.045647600867519476,0.11938610368476553,-0.40353222827038693,-0.22582289974424177,-0.3485786377001498,-0.2785955334890105,-0.18118980979455585,0.08910524282456969,-0.06512047288049298,-0.11625832147505295,-0.13237989214823986,-0.1875491400726258,0.06693538362369222,-0.23914552630020813,0.4675754010442441,0.08243038819306325,0.35326952724603794,-0.28047056634173423,-0.22717306865467604,-0.032330486943597456,0.22287404335028121,-0.03580138850160465,0.13892680778702168,0.3204085758892773,0.1518312557493168,-0.19521755797635862,-0.01939651712175123,-0.32179702860630066,0.03624103469775188,-0.3071988519535466,-0.27630444276664495,-0.28500672631983676,-0.3145901034092038,-0.12959428306564824,-0.13474731191870004,-0.3148736243021406,-0.10307544568579201,-0.2964553790113314,-0.18987322554122688,-0.12666889838591444,-0.31176043704307366,-0.07688352161222035,-0.026831191044225634,-0.2990474282336339,0.24830308559464062,-0.3159456010816207,-0.3720794041219123,-0.17453473146836865,-0.3561719042000998,0.15832908839185955,0.008073573332057825,-0.19788360395907031,-0.35441242790173993,-0.26537556878705176,-0.27090343921160603,-0.30872832964523816,-0.31846631431049816,-0.2894122042216571,-0.1880564438457091,-0.3043658232027392,-0.12957376306318455,0.23116072781952365,0.01308637587849365,-0.15974924976615118,-0.2485754999408735,-0.30294551122375274,-0.3669703889288543
22,-0.10535084607981095,0.046721456638929036,1.0,0.5503326366983611,0.6265811168260921,0.5260801819060993,0.3412015774693536,0.4997668954303289,0.3694456241889124,0.39862181797842233,0.44705448668644726,0.5092149000154597,0.42134568320003263,0.4612057662067476,0.5543797114852372,0.4178771247960289,0.2881235981795597,0.33620504416176866,0.35498907719472655,0.5629170894702336,-0.053371474909240615,-0.25262856953668017,,0.05414429687925347,0.9401239264758945,0.18563268599742713,0.40204146331956936,0.4824437911522071,0.48268936748001723,0.5271338624290088,0.5264187290976526,0.3372781759557886,0.04179347594443536,0.24239622264360508,0.2305627710395501,,0.014435068208426027,0.11496732224231036,0.19349983651220953,0.494263732992242,,0.38967851927836744,0.5359376739442202,0.2760570281732261,0.13385051574757537,0.32121628736446134,0.08798774601442301,0.5255597377272482,0.03001700066088828,,-0.18507697693626332,,-0.051100921535793674,0.33851463831668804,0.3490180518581362,,-0.14759864522720428,0.15963296676607425,0.7278295748353715,0.4310956636069755,,-0.12973365429684175,0.03351329921298659,0.17576255917275968,0.1659701500963579,0.5906222459366822,0.4540785062189546,0.2734455931906584,0.5283669501780346,,0.19957279585544724,0.10517503892897068,0.23956045932303419,0.4032129998447044,0.5497984060259451,0.3474091297126425,0.473972276096065,0.2845246803820174,0.2916182077160159,0.3841445809791339,0.31711849981638773,0.37271228440982707,-0.07094633798543488,0.24963962836334813,0.3656231994084142,0.2940449804056926,0.18715495631981152,0.026079612819879132,0.3325161984539215,0.31820144327118177,0.251635117482507,0.36673758844809345,0.11253759380801885,0.4120786407269899,0.0903422183644595,0.5004450416721604,0.369295678087614,0.1787499850123746,0.38386906523598596,0.2622574541344279,0.5501187072959227,-0.008613993900380377,0.37532502627840236,0.188487902076062,0.4357566134643362,0.4420640709852526,0.10455878534556412,0.19750787845856593,0.5730202310617998,0.6421938277858452,-0.10272271842043951,0.2774864700968278,0.3971366577780542,0.5011346512818091,0.5422716610474675,-0.0017025883254625296,0.13779665382579054,0.267996443356623,0.17063860327724048,0.3930555727813516,0.3802174437559274,0.28578747567353646,0.2005702922616283,0.5367373973760852,-0.26983254204263385,-0.02232875810005106,0.4344610597612516,0.3415530892783074,0.3609332972843516,0.26497800681437,0.4060046024671754,0.47441286619768824,0.5722928371452062,0.08390404061664976,0.4529445864583723,0.03536326541764736,0.4368748275535625,0.42134568320003263,0.6444281311181363,0.4747661129381858,0.39720901892153987,0.016425833053996326,0.44752867887169717,0.5824193541853625,0.3184602850764902,0.43113734882218474,0.22308545824955772,0.5206177259940072,0.14546556281989556,0.6960235882138974,0.3444415989023151,0.2386406500190135,0.37693021605238913,0.38185043095221005,0.4420066820152461,0.3182525721564219,0.536326215347603,0.42241940599890204,0.41427099069292167,0.4576000215841201,0.3816516237619341,0.5391736857252971,0.5649650784019817,0.34070271555290893,0.5415452295944536,0.6358073321066169,0.3811670415899186,0.33105629143409215,0.3556258244320534,0.20741806666614607,0.4886461255213586,0.32564890837914057,0.5906195935822449,0.32300395616822175,0.4420303715882798,0.3446824223298958,0.3789979764321419,0.4465013456469153,0.3558269994159027,0.35701843170792147,0.379593997222015,0.23911370494898437,0.2857487841966395,0.5151710061973751,0.2389896071807782,0.3010542328523839,0.5939986809233069,0.45869501389665757,0.33390824519249235,0.23334734457701747
23,-0.014735310198216625,-0.11277705956309372,0.5503326366983611,1.0,0.9652414577170706,0.957692514595578,0.8591512003262489,0.9583108567449364,0.8668818403252144,0.7931606859366911,0.8971193161397711,0.9379421832286016,0.12854628482608155,0.9535236492965763,0.4263470086658992,0.9181006782462297,0.7796317934675486,0.8742237998088025,0.8989535478349518,0.9441030325365766,0.02522935492913745,-0.1842651844972041,,-0.11790217902829281,0.5969152647903745,-0.07427071843556217,0.6012463188485717,0.6546449659560976,0.9298602455615774,0.9943011676556925,0.9746186813237315,0.8570435619189557,0.12182324016761176,0.7511741154690769,0.46378055063236495,,0.3334788792247608,0.5722210473301956,0.40945431869383747,0.956894114969068,,0.5955004027120362,0.7939508430246575,0.21968603748273496,-0.15877182593238512,0.28360955877901073,0.15359438918135862,0.7086822994323851,0.0760003297746763,,-0.25533122625079824,,0.3451553038287451,0.5786609929602676,0.5047099589211249,,0.23650676302374596,-0.027921522263940016,0.7681923808420107,0.5385803723995102,,0.2144168901057894,0.2926695444928962,0.12782801952069447,0.124743914420013,0.9453697229741074,0.8879584377456332,0.7935959120956736,0.4495174994815599,,0.21345919487159873,0.019686027222570558,0.1451564843478404,0.8259480307384258,0.8150047826518945,0.8665993068852685,0.930153999873043,0.7839172660033944,0.45073157014923243,0.9076436517284348,0.7681433103831017,0.9003243220436105,0.32712021938328945,0.7748673821257336,0.7769573521245546,0.8140733425367032,0.6998154799305921,0.4423077806211649,0.8809659863907519,0.8032844027184869,0.786545874805384,0.5884578589880296,0.23662376093481943,0.8863746294590008,0.055725363104054154,0.4978682701629758,0.29937774216357643,0.5242757045575895,0.8788786472517396,-0.023806101811406723,0.8190403288284491,-0.13312516910433042,0.6944096806354877,0.1548255298321906,0.9144911740605852,0.33260158309569293,0.13331795927668666,0.6172580309204811,0.9256325077618321,0.4979205192206111,0.168307430888412,0.7872781282969115,0.8942735725200912,0.7315343243919923,0.6990283621198492,-0.17999331615807676,0.04998047830937127,0.7457236177123712,0.561120627480481,0.8212954026302887,0.8351315745367821,0.4450491293717485,0.058836850495776034,0.9527767937764734,-0.3699401376091298,0.2647780899073738,0.887199611556442,0.8372960474614336,0.8833147184603692,0.5278498957104577,0.44004625065082087,0.9151312646326656,0.9451995881734991,0.10998145467841114,0.7321319416248726,0.07551497318584349,0.8190994228903501,0.12854628482608155,0.7509405366929113,0.3908904384241196,0.9159569768697045,0.22035348820661932,0.37431681669218525,0.5806612293827331,0.5111918102575219,0.11182028868882463,-0.1325765633976269,0.3243929577941354,0.4286948433934077,0.8437663949841567,0.879824277990948,0.455903788759848,0.8857790528330532,0.9128385579737496,0.9180523878558499,0.829988818845109,0.9221310637416851,0.8789065191637699,0.897393378524245,0.7629668415397971,0.9016163971920887,0.820233313536626,0.9007653848949995,0.8512487522776846,0.880332789794373,0.8920311743677938,0.8113154551725963,0.3966985436963912,0.8771636371596875,0.5145633263559009,0.6621593028228321,0.7873371603437099,0.7885994471531679,0.5577488099471728,0.9443469004000463,0.8666262862113054,0.9063673538605237,0.9246510574932174,0.8297921119706033,0.8739538450889004,0.90065339677274,0.4489341751355146,0.8255882901226338,0.8354760889227932,-0.015384304849198059,0.462403121672121,0.9290552671292817,0.7865714821923262,0.8563487371013253,0.5204371656504998
31-33,0.04040420352196931,-0.1123196533492349,0.6265811168260921,0.9652414577170706,1.0,0.9375573982703744,0.8476998356894999,0.9488644695501643,0.8637101583096521,0.8139783961326088,0.8982023906145057,0.9476130330250382,0.2191905847621824,0.9345948198132408,0.4982597328272243,0.8947728571333777,0.7708070065549664,0.8496923843454676,0.8681310541864254,0.946231267323245,0.08101222476473528,-0.17341867467101402,,-0.1140036741275266,0.6669108671349261,-0.07395397686466566,0.5335938380280036,0.6671956489434149,0.9046138916757681,0.9577198935008727,0.9518442833162827,0.8411185926901161,0.09062084550626338,0.7476329843439578,0.423808961000917,,0.3532588434126504,0.5486170387136532,0.4329491577183909,0.9560592501249597,,0.5937495217615798,0.7837560401833166,0.23941961447824975,-0.1299194501860124,0.2665309369721222,0.14369682371031747,0.7042019398443515,0.10843990007267015,,-0.2682293406666392,,0.37165393236933647,0.5772909128935558,0.5221255169539998,,0.20100496697318546,0.003589446165812235,0.8345350520649656,0.5472283249713682,,0.19215742741724945,0.3163266375444962,0.14341519829707441,0.12559542136805443,0.9152779057157622,0.8856697473154057,0.756725991566304,0.48867030909814174,,0.2350793489403502,0.014895451083667837,0.18830558114937337,0.8230990468654246,0.7992829847999491,0.8449797919357368,0.9261350164960382,0.757963012295942,0.4651097878008636,0.8744879140218398,0.7751935603200979,0.8781592156705416,0.32443061811333707,0.7644570217833054,0.8116410419610728,0.798937306024506,0.6776162467492484,0.4494845996229817,0.8441416992928609,0.8090919936369437,0.757367627851732,0.5629183847137328,0.2862501928196538,0.8689818246213223,0.06670242540308362,0.5513885004451686,0.316795154008065,0.49493038363229186,0.8623135334294468,0.07151732201578564,0.7942736586838868,-0.1144139475855836,0.7232853793372056,0.21402736072912595,0.899390827472838,0.33929269249080046,0.189668063033684,0.5851429196155681,0.9255243281876281,0.5328165163731586,0.14393933936113248,0.7691858148352251,0.8757071086687039,0.8070549688058982,0.6945829594596388,-0.16169292449411102,0.12283751730137192,0.742748202539151,0.5944022760839192,0.8182471880671685,0.8304004640982279,0.5250198949501618,0.10704530299223738,0.9357851029705034,-0.31692857577817457,0.2939137714145918,0.8834064410135489,0.8177335144552075,0.8618967676267477,0.5234656190480097,0.4758356783269802,0.8621290043888619,0.9621941495572682,0.14194348845176263,0.7890605466947472,0.08610783632528657,0.8542027194142912,0.2191905847621824,0.7944764746841491,0.3915035235174646,0.8909324142951004,0.23457222305050277,0.4057428994688745,0.576405970722067,0.5017791756556325,0.1928634463511448,-0.05750989298981843,0.38924199874140303,0.4653604338581966,0.8952140310286927,0.8562707567184116,0.43497661317921854,0.8612726476292923,0.8748395586049801,0.9029870369190767,0.8087497218464654,0.923470973764523,0.8465556929445348,0.8861881661295304,0.7727022600290726,0.8765180841789223,0.8387280616325536,0.8958632778244596,0.8339105764339465,0.8609569051355104,0.8810523424264978,0.8166668672726872,0.370478492345077,0.8530456849506591,0.5371375292560976,0.7098332442749506,0.7812084648541546,0.7681467529807213,0.5290980507567843,0.912418360225432,0.8450838539972577,0.8688354752429859,0.9102928318792055,0.8081287860099164,0.8493174667317279,0.8714262547671118,0.4616259665679359,0.8045833715986916,0.8320572312993679,0.05063089334877992,0.47337481745273435,0.9336114130183142,0.813081583523141,0.8352150741985949,0.5822854091067495
42,-0.011908507392110568,-0.10204797701703619,0.5260801819060993,0.957692514595578,0.9375573982703744,1.0,0.8716793875132893,0.9361073379843529,0.8510067060749958,0.8534809769571111,0.8919630465416154,0.9147914760080823,0.19435505863539815,0.9222621676174115,0.425544248128433,0.8867834642574797,0.7700917486339969,0.8523013673802439,0.8791699849142391,0.879784301694079,0.019679084396247035,-0.1278488635121646,,-0.11608982968949448,0.5842301238235565,-0.08952070872290227,0.5822170521272082,0.6177538714375042,0.89063390366935,0.9511345624134331,0.9407914434685115,0.8598714424436942,0.0915236829712744,0.7666498580432686,0.5011141000806981,,0.3724756576413706,0.6157216079785176,0.3718297559574943,0.9314736829988088,,0.6141748472583437,0.7688743435041769,0.19300347239534318,-0.1043850017290375,0.2620168778754105,0.1447189807804173,0.6463632428667276,0.06267507471026483,,-0.2301486460450754,,0.4146773085217502,0.6199281523705532,0.4770973750188965,,0.3387081890290419,0.02844455120125167,0.721066868655391,0.5308334946306411,,0.2803431251851189,0.2997876985597247,0.12447642686180939,0.2124677531813582,0.9613696314912641,0.93591137077463,0.8288546731004409,0.436615655128248,,0.25323351932866334,0.027816068110165827,0.12961664278536666,0.8290478057731011,0.8257651874382517,0.8775927590359356,0.9330149493861851,0.8270867776826547,0.5463943058709829,0.9069966354691716,0.7939114953871277,0.8905886461658233,0.4031200231744377,0.7892264935126033,0.7773100243479683,0.8302053263913656,0.7240761751999168,0.513206583760123,0.8683079415070255,0.8184643349820561,0.8126313703950782,0.5937325088090513,0.24864879086954847,0.8511658040233088,0.029529391331401263,0.4323218560967771,0.22992903115953148,0.4958912488234552,0.8566813903881417,-0.027201634732098863,0.7730605690039487,-0.10178670610100603,0.7415486864705934,0.11249396864483714,0.8706233814388141,0.3152434762970562,0.12052937845809619,0.6473737338863269,0.9173528501384742,0.4577454666037075,0.1795782815865856,0.8022640247378666,0.8498597213583005,0.7486476275875004,0.698687675564805,-0.12444352703051315,0.14764878714555357,0.682235420128797,0.6176505462931883,0.7867652184874592,0.8824594758089681,0.4716243259409975,0.20060609954057954,0.9650916454233551,-0.2924261198877863,0.3216000302932861,0.8768493259430147,0.8260587852043149,0.8825756235633018,0.5397404837798802,0.5098473914752224,0.8866593899941414,0.9232792061402455,0.1258223976241634,0.7719357001102669,0.03458609501688622,0.8399176104053261,0.19435505863539815,0.7240892459686711,0.37376235123421947,0.8782840913562293,0.27495642254992897,0.3331885854481881,0.5563225296949292,0.48413443351781416,0.1175899013081066,-0.05624924640394463,0.3559425531262681,0.46243122356404043,0.8340863087714314,0.8575070957038055,0.4539466904161144,0.8594149491594103,0.8972556249275608,0.8705007659284103,0.8295531839483945,0.9090486550709335,0.8375908270968425,0.8490101523425605,0.7069682304365869,0.8744747095113078,0.7141451527414745,0.8123208834019668,0.8073394380554232,0.8244569541327467,0.818321764927591,0.8030949492079463,0.40069498268232523,0.8446880878995469,0.5320080948456374,0.6811361304394512,0.7929624081857852,0.6888940715183055,0.4496946073600974,0.9070055658077004,0.8388933119736242,0.8872160090950025,0.8974768063143153,0.8299938375640373,0.8490597002492241,0.8639728765876171,0.47636728529667427,0.7905398617037592,0.7991782641145516,0.01299593790514557,0.4460337034104631,0.8531756688897282,0.728728912565297,0.838960547510373,0.5269714750567702
44-45,0.3437513947639694,-0.30933607967019894,0.3412015774693536,0.8591512003262489,0.8476998356894999,0.8716793875132893,1.0,0.9508482295699818,0.9834214338305691,0.9170084669364638,0.9689139204111051,0.9537422431544008,-0.08404051728627104,0.9528763723881868,0.2860199848274315,0.9582533070583779,0.9597938237103728,0.9787874906996984,0.983410774371932,0.847437491230858,0.36158773191582044,0.007824479023381115,,-0.32035936312518437,0.37538844698242824,-0.07594899776170033,0.27347039275990115,0.41952835573762554,0.8629800639543348,0.880194836930221,0.9004622330105178,0.979787482588748,0.064736668061146,0.9471114758416628,0.32171050197233947,,0.5158476053137131,0.8433717890897711,0.490669229531915,0.9465265951445171,,0.502905179597389,0.5913471484394157,-0.04697581119883789,-0.28058968756043784,-0.0008870757275368615,0.1343575533769833,0.48874215316379693,0.13144246291785555,,-0.12526437504586863,,0.6623231423089768,0.5811466612594488,0.4175348088594496,,0.4965658913696663,-0.16181166802410296,0.42697300349917383,0.3306706211085883,,0.4498192068522532,0.454987414299235,-0.047505083997445775,0.004677796295406752,0.7623097586070651,0.8643846079192583,0.8758050556581323,0.16495217689069666,,0.12250674731610814,-0.07431147606413543,0.11616306347763193,0.896453828012604,0.6438600229883502,0.9673468772242808,0.9691284200796549,0.9389683943892637,0.5035275164708385,0.953826837239044,0.9676244998465509,0.9790863321350353,0.7262501209581351,0.9701807104899219,0.9514121292395226,0.984344664374937,0.9186377617935211,0.821138231916827,0.961025076228531,0.9700195939277784,0.9638176697414839,0.42527565729683525,0.4447405441242955,0.9152618888077939,0.12657563158281226,0.2927243435268271,-0.027297729263456347,0.5067596935636312,0.9317704831985514,-0.05995952826931614,0.6164998702883002,-0.08478597377962432,0.8437031248071375,0.11145699541477726,0.9510018354331125,0.030574322328109492,0.22918670895503537,0.7236663368514783,0.8257720365048346,0.08451352060090796,0.20651772255179224,0.9489820529667905,0.9118978094754085,0.8301659530886926,0.47983107025873567,-0.2745190285357146,0.14597130089533197,0.8595696352478839,0.8674049662280524,0.8971055173119663,0.9505117903510468,0.606091172707126,-0.025031506420104165,0.8598585235516831,-0.1944988177095395,0.6385581638864092,0.951011367175305,0.9551031485202995,0.9760539605247183,0.6313214910992059,0.33058017537254425,0.7568018011489851,0.899707823492525,0.20543178182254018,0.8610247901255214,0.04735334965531814,0.9215952833883507,-0.08404051728627104,0.5327073551921733,0.04376914890745547,0.9571464120964067,0.4653852992778747,0.23724614409238334,0.31113306449029193,0.3758373784101312,-0.05956801617478565,-0.27333263898365195,0.16038034567253537,0.5812932456054957,0.7105259013267414,0.9794494422793634,0.36087859069598754,0.9633798681435944,0.968792654281145,0.9242580538450859,0.9696182943997721,0.8771178117111056,0.8398796808458512,0.9307392652013946,0.6486665888776588,0.9658335269589877,0.6729279737144757,0.7049841939823895,0.9062466868031701,0.6883188396746426,0.6428418090068645,0.9327592191913763,0.27233645502503245,0.9634772525158594,0.7553581763274488,0.7284427504372777,0.9435728349186043,0.4480711320728316,0.42402002834070684,0.9234834771346229,0.9663847495403833,0.9478991516483178,0.960228094105474,0.9422269610971409,0.9658044717332993,0.955387454905341,0.5703510557075873,0.9172807287847072,0.7204303567531052,-0.14214219231475064,0.413525126273617,0.7824911509551429,0.8033810356665276,0.9521241086937738,0.7749523557970528
48-49,0.19601606377986525,-0.21824490440321442,0.4997668954303289,0.9583108567449364,0.9488644695501643,0.9361073379843529,0.9508482295699818,1.0,0.9586070708511962,0.8754238181891344,0.9689232543546932,0.9865901618091069,0.028473463708776948,0.9891010887571176,0.4166360494817978,0.9759358019957028,0.8940200584105789,0.9546851218684992,0.9673528457707419,0.9464348792440233,0.22995940832506198,-0.10883686631016692,,-0.2234155513254345,0.5416981846428137,-0.08787977305539385,0.43939827361468226,0.5639901030756532,0.926004629937656,0.9671301077637288,0.9668149298632457,0.9425644004381111,0.10282767950882588,0.8615913771519544,0.3977749136080078,,0.42548821934971404,0.7109156398788847,0.49185262840880983,0.987272019386117,,0.5782146953924517,0.7287267615035871,0.09389135785203949,-0.2311067657228549,0.1418716823795255,0.15465595464559903,0.6271263091663324,0.10744692940208152,,-0.2081222837610248,,0.5095802760760585,0.6081132471754007,0.48150897383083335,,0.33057268678351204,-0.08343526428214718,0.6450597279043453,0.4709130076301508,,0.314949944093972,0.3826533540658565,0.06381176284589805,0.05354873674983712,0.8812232876581,0.8915945138332471,0.8481806611236877,0.346134233960323,,0.2031120095792214,-0.009356107770899725,0.15663134878692164,0.8840370435901727,0.746386373880514,0.932497105526069,0.9805003543416744,0.8662068839138884,0.4692416993920062,0.9469214252732591,0.8937599975413244,0.9657107569554482,0.5241655752650742,0.8903603779182737,0.9058227515148778,0.9159271346560829,0.8167556686456072,0.6373130526827417,0.9401634901529453,0.907392623099013,0.884493811868505,0.5220416561045521,0.3718806810981213,0.9399954025933129,0.11359081764330507,0.4434516251669495,0.1723328883064777,0.519842639878864,0.9442485460059957,-0.017978603013269007,0.74422076304949,-0.09332578468089259,0.7932344182933081,0.14176733152730384,0.9766544493913812,0.1992680563389976,0.19722840627046262,0.713088441250838,0.9205728792633581,0.3296347125691584,0.16944587292551994,0.886739302461915,0.9360582871122507,0.8289989944493013,0.6053397482536702,-0.24115711130194087,0.09958765638697392,0.8430602987765258,0.7347161721980227,0.8974785488737035,0.9109979747166652,0.5588479290690092,-0.00031187574795163404,0.9333556141785619,-0.314817618985923,0.46034259179763526,0.9552240674643063,0.9246525606012391,0.9533955160614228,0.5921333539916163,0.38912259722763237,0.8554366988968302,0.9633862544663164,0.14856071878292013,0.831581829056058,0.06414508639039197,0.9024102231081422,0.028473463708776948,0.7004741223705112,0.24453157709267834,0.9701405230497505,0.34509039169167716,0.3508034375849433,0.4735040631651759,0.4680182971890694,0.0778291592109777,-0.19804974112062465,0.2823130801269826,0.534969182639848,0.8344927598018637,0.959451334096293,0.4082854365341847,0.960224937085062,0.9697841783130131,0.9645149554122118,0.9255931835128569,0.9364553413973843,0.8926453625620823,0.956682978656167,0.7403912712355241,0.9683873178304665,0.8091577457990238,0.8544716863946531,0.909513411709458,0.8150681773000238,0.8227014968088833,0.90320279041476,0.3367089850677671,0.9501955106454933,0.6520068386924639,0.7259814163527196,0.8929227813543619,0.6600247973732208,0.5194482669708386,0.9603874944172851,0.9480996309685978,0.9532283970336064,0.9766489213255298,0.9115876528880074,0.949011312621478,0.9593613810046822,0.5241012504076638,0.8991944187794103,0.8223972623852313,-0.05952442445440721,0.4608352641796824,0.9105756738275664,0.8441311528915314,0.9273389040918911,0.6884303897899767
51,0.35714021795037065,-0.32256403927213234,0.3694456241889124,0.8668818403252144,0.8637101583096521,0.8510067060749958,0.9834214338305691,0.9586070708511962,1.0,0.8681987733500186,0.9631316634426389,0.9608415032463276,-0.12157038947581722,0.9611362640954115,0.29643122333750505,0.9770444019334452,0.953232917435683,0.9868639641823459,0.9844331994403278,0.8879412412901725,0.3852667165409323,-0.045124281352461174,,-0.33024816298485815,0.411216457755399,-0.10373517591878097,0.27992709213008005,0.4451730990894316,0.869710133736842,0.8887101289062639,0.8995781103303152,0.9721273303970928,0.10299794885463917,0.9318788569338086,0.28320606965046813,,0.49331539554588194,0.8053213599310466,0.5129439882131128,0.9561962298413405,,0.5058293891464418,0.6020334206372139,-0.038421923257541124,-0.3128673315522999,0.01692044574838325,0.14394290477599192,0.5081772361615031,0.13593984641433915,,-0.17185886438432524,,0.6364567479506524,0.581848829038707,0.4362691808812721,,0.41568197218882164,-0.1981506568411962,0.46364158333543887,0.35477183344821245,,0.40317840596908966,0.4598496894658202,-0.03605553567260848,-0.03603546385757168,0.7585919106055448,0.8285383466546031,0.8656509881388905,0.19674559531598224,,0.12650139613392627,-0.054229664408588875,0.15899623456275505,0.8660098651130729,0.6157975437063613,0.9424559085298048,0.965648789688056,0.8921407772540682,0.40860843295337596,0.9463645005416964,0.9528522267266535,0.9816023396130011,0.667583418368984,0.9600158737269561,0.9607875358176511,0.9645965181581841,0.9000133052666974,0.7844195325569121,0.9491969808390323,0.9554520576973963,0.9406188834039069,0.40111616972155023,0.4326500866471616,0.9369872491226086,0.13204249843575708,0.35784626767498784,0.027651598425922866,0.4957256023510124,0.9367944750008568,-0.02098541543783343,0.6264195211675718,-0.10116112130027631,0.8011801220345223,0.09305453610241803,0.9702318567172629,0.05765615598291713,0.2364880819746043,0.6960740233711558,0.8465541108893214,0.13373170082302888,0.18432190061963788,0.9361008297477389,0.929872989075439,0.8352077722639709,0.49048847028199194,-0.2991648911368687,0.106420182889426,0.9113942135703489,0.8275709448305365,0.9205933749294309,0.9131363130312182,0.5993406437725617,-0.11237333656924522,0.8413436597750041,-0.2512728954987297,0.5784583799876624,0.9522092550466905,0.9482278724256548,0.966162390362496,0.6077560305204159,0.274756865307922,0.7516507167108866,0.9060690232696766,0.1897855046563801,0.8289626259716917,0.05581712946087756,0.8973437419261435,-0.12157038947581722,0.5772128520458331,0.059992042727901304,0.9684586691359944,0.43023816524515507,0.2939972221355784,0.33229467339005386,0.37686505966564954,-0.04930251694734017,-0.3319429869007962,0.1355132019327373,0.5841991695757881,0.7260141353266243,0.9862075140666805,0.3399284354407041,0.9801103709682649,0.9755627402837808,0.9569448202254922,0.9608193212072694,0.8861241995530156,0.8527117396344913,0.963931039349533,0.6865580009055009,0.9780836722741798,0.7506069170718564,0.763841831666601,0.9283806730494064,0.7240727769403061,0.6916914506333905,0.9409378327173146,0.2520887759459707,0.9763078836388644,0.7293689872044692,0.6960536798358289,0.9429049905219649,0.5059898656181682,0.4789536175506643,0.9296516684018694,0.9818078479961141,0.9322611252302079,0.9715415982938521,0.9258399758620054,0.9770427184127215,0.9736268678241506,0.5684003842894854,0.934387732797166,0.741522630160519,-0.12465936763102897,0.41122239262513327,0.8307696909937894,0.8507514454290861,0.9534472944214465,0.7811721372232313
52,0.25267295728944167,-0.1655361128911232,0.39862181797842233,0.7931606859366911,0.8139783961326088,0.8534809769571111,0.9170084669364638,0.8754238181891344,0.8681987733500186,1.0,0.9219808982353521,0.8899193308622457,0.1990407203584028,0.8603657020543356,0.3697625782744944,0.8309666563582074,0.8561886326240857,0.8402494574906343,0.8601312307915183,0.7401082550632612,0.2503526563230556,0.07076409108986209,,-0.1750940446366948,0.4051117739590596,-0.004852568913747159,0.26054520837445394,0.43874061557079413,0.7532879310391383,0.8039560858515892,0.8574759954878114,0.8760581943996371,0.01562860963149881,0.8572537523871769,0.439348394464617,,0.5091874410303814,0.7873356625624801,0.4226901776893124,0.8603013832298745,,0.5054294300907711,0.5401764587377395,0.01151303612411668,-0.08865166485803837,0.015017691139527826,0.10935349733336734,0.45111990160790355,0.10203405523214348,,-0.08089266685802665,,0.6145883837696666,0.582345146765441,0.38518142076228573,,0.5583728456968597,-0.004901294297921039,0.4688773161503239,0.2875171256376339,,0.38759537101687414,0.32875220670075367,0.010793703000857972,0.16758863205091856,0.741986095120735,0.8785957160504196,0.7622252975595495,0.17779120037993168,,0.22708360511884798,-0.0635315318124206,0.09911142091605313,0.8659642286506506,0.6539999345851202,0.9294497201669374,0.9017805482490746,0.9027819534820268,0.6147039630751014,0.8344182866734314,0.8776114055056401,0.8597061229033268,0.6893360583281781,0.8793919929187005,0.8624158570281838,0.9118435690683194,0.8435302088109379,0.7568167524926429,0.8459834279171802,0.9028536912827919,0.8964088501775445,0.48614720731953925,0.42353066804676326,0.7916598534946248,0.10126965691615548,0.2556957402035234,-0.06010950191978947,0.4170989202585038,0.8344942177875856,-0.004135134513542382,0.5967095073446775,-0.05064028753357216,0.882367178835364,0.1960684727376396,0.8246861426189295,0.12579461089005792,0.22889058389051434,0.7224510690375054,0.7905633266322851,0.12739595871489004,0.1840819439897265,0.8666722187057362,0.8198312264445198,0.8557103621737006,0.5113238330901166,-0.14333943901619917,0.2943037711183776,0.6499343509944283,0.8809303568008684,0.7565875883006271,0.962941323150096,0.6703056955390367,0.27522705435937095,0.8890366191201542,-0.07151366885667759,0.6870842891048459,0.8975202501970717,0.8473090386712935,0.882525452823626,0.6251921937883448,0.45420834371771623,0.7058147684206432,0.8757127427939312,0.206316716646572,0.9361875691110071,0.0738214021255409,0.9484406954651792,0.1990407203584028,0.5576087111133373,0.10991856828858591,0.835621973120109,0.4867549365300644,0.21603020562031294,0.3415840580009305,0.3283965585810623,0.06478518966490461,-0.002189762657304993,0.2921472508971527,0.522050255716373,0.745405506322973,0.8602337943373445,0.394881433127396,0.8314572628923622,0.8504145655817545,0.7829131724379202,0.8812954272828379,0.8348923188984881,0.7409739880406733,0.7804833988566098,0.5690055462983116,0.8471203601209158,0.4953575026819116,0.5622027665277518,0.7708137893985144,0.5866652295920322,0.5534182082564009,0.8194133125760086,0.3771055148167782,0.8391936950524473,0.7050675479360645,0.7871550585940588,0.8498706343955699,0.38063553380010473,0.32789987895513867,0.8217711874117494,0.8158223147809738,0.8708017756514947,0.8481691041471138,0.8669637563612215,0.817725310098377,0.8085124204201833,0.6094758064338165,0.7685479689790633,0.6133126545190413,-0.05358919777941467,0.41385496972490454,0.6782623182836678,0.6867047504622077,0.8481633701962124,0.7211629878083721
53,0.29200100763863746,-0.2526689280911819,0.44705448668644726,0.8971193161397711,0.8982023906145057,0.8919630465416154,0.9689139204111051,0.9689232543546932,0.9631316634426389,0.9219808982353521,1.0,0.9769990964279902,0.004237315877020198,0.9672195130377548,0.39169329983453643,0.9531756292269582,0.9428097806461118,0.9531993685314282,0.9628273471240875,0.9016470620032606,0.3193618134193823,-0.05465474842954508,,-0.25662201318768213,0.4771930224406803,-0.05556057051593434,0.3132470735512396,0.49430997756903194,0.8865823788440614,0.9112136044433433,0.9412732340065878,0.9526986212337835,0.09218786635132738,0.9103054860442323,0.36591619781444595,,0.45727290478140514,0.7820523642357551,0.4986531584937838,0.9609294812932917,,0.5577828816978584,0.6517215341061716,0.031145505572677236,-0.2225451217823267,0.06333771214049431,0.145909035562492,0.5791587313965522,0.1386884000663757,,-0.10964359212430007,,0.5548133779628199,0.5823755359598408,0.4413187603053836,,0.40666934725834153,-0.10697949330818832,0.5366551729683791,0.3764677377698501,,0.3757867553740553,0.39598255594649995,0.03216374203204322,0.03632087673714515,0.8093906216164289,0.8759961658254187,0.82924738042952,0.23902126311443386,,0.1966491129949523,-0.0422575322575142,0.1355262412518639,0.9226447431035942,0.6915522280553548,0.9468029157057626,0.9667027345994947,0.9037198234403492,0.515152472348102,0.9243707186542333,0.9359414550047918,0.9508488936815387,0.6492931297834387,0.9162547816497224,0.9360417960921035,0.9405544626503011,0.8568606828262827,0.7228444226232884,0.93921015908118,0.9315726599621769,0.9115508707909823,0.48874452794812506,0.4582747725518926,0.9200014330445991,0.16631370421171854,0.39219050261369454,0.05087227612674961,0.47519233632125546,0.93297919237781,0.02833992093445506,0.6819699847322684,-0.08239550641734208,0.8373239230161742,0.1969678447061193,0.9588433855350637,0.11811341149749421,0.25239808955302967,0.7120366093641634,0.8532591250624648,0.1901952904562388,0.14480844130679746,0.9040717413811943,0.9246670681983775,0.8592609320162585,0.5123904147630938,-0.26693189017222607,0.16368123580926813,0.8441281211476522,0.8329466459560749,0.8841079163232894,0.9340687168117524,0.6326219328276212,-0.002457482104624027,0.897342803043402,-0.22117499532664484,0.6121632766522784,0.9912325201220877,0.946601873436242,0.9599945568344651,0.6139462561804551,0.3822083582431528,0.7873529910668055,0.9379020174256815,0.19540715020999477,0.8917335415196079,0.06156788392360657,0.9378664703154389,0.004237315877020198,0.6185320751368486,0.13149047969963606,0.9611194034844636,0.4402180158596458,0.2937731345228119,0.40224325932669064,0.426842266630241,0.05462712934127602,-0.19752274049770135,0.250572569572339,0.5560104672434438,0.7959460618239473,0.9607211067079319,0.3761997235454969,0.9475039094077952,0.9543993079105543,0.9276992524210352,0.9421197268641691,0.8949465087669025,0.8567175935602198,0.928362839709858,0.7002943192309316,0.9529220821282797,0.7223688827762195,0.7564627196751471,0.8859580112182273,0.7246933617485067,0.7260653862293409,0.9190483951518134,0.2764425077802738,0.9516317224957818,0.7611555583316302,0.781893042789479,0.9207519347959247,0.5274296347055043,0.44971856564032175,0.9336878814307384,0.9461508417594077,0.9564783580304608,0.9579678001633025,0.9367461314592105,0.9456053362810839,0.9400347713639801,0.5612642813887585,0.890607946898668,0.7702004647177553,-0.08320054680074149,0.4413266444155913,0.8545079821310683,0.8247722545958438,0.9289185975391712,0.7634906272377183
54,0.24785422295299742,-0.2283854711414596,0.5092149000154597,0.9379421832286016,0.9476130330250382,0.9147914760080823,0.9537422431544008,0.9865901618091069,0.9608415032463276,0.8899193308622457,0.9769990964279902,1.0,0.02471279583910442,0.9837452165694727,0.43189008991505645,0.9700146998054727,0.9080434887869956,0.9525055097070799,0.9627170436660395,0.9421616890525847,0.2795231104670672,-0.08974790731529268,,-0.23070141839298672,0.5351007025817336,-0.04656767801113427,0.38605356006700614,0.5408808497554004,0.9157005063694954,0.9482386356255083,0.958387911543324,0.9455589354307312,0.07276630895176664,0.8728806961030883,0.3702557766699522,,0.42895516220530067,0.723578997791055,0.4868596685204591,0.9850336189254648,,0.5568686836717429,0.7120164083893957,0.07625151100056307,-0.24225860537525631,0.12453664795330376,0.15069309012164436,0.6240133364021607,0.14825670778838168,,-0.17876705427526132,,0.5139576845795577,0.5978523496920186,0.4687112429928273,,0.3174453201961637,-0.09676182126541143,0.6331787659690097,0.4479851545553649,,0.3255218098602495,0.4027803218842581,0.05981341391477134,0.021518319864736936,0.8513383984384986,0.8803954154263203,0.8446055339047662,0.3299574428270196,,0.17870551368808033,-0.030528089795348965,0.15035008042587403,0.8976579344337068,0.7267705578982574,0.9317517344983939,0.9790769427236616,0.8622708278024824,0.4698209729875195,0.932362126289524,0.9072507901914656,0.9601221304459506,0.5557993092744713,0.8925445209892213,0.9264956623951064,0.9171199699627681,0.8116679189088865,0.6535834429962649,0.937069106386519,0.9129111393833892,0.881394754206243,0.5106244557479211,0.4110856965690754,0.9439899507654609,0.15404469858515565,0.4420514995841314,0.12400310360646606,0.5241231034166116,0.9347118508926482,0.019393726091630047,0.7285337132370052,-0.08293617802364811,0.8030036175483177,0.18274830015888252,0.9729252767335826,0.1556280744832083,0.23826216366501882,0.6794448271573461,0.8914017837133683,0.2917855750415128,0.1503041542166943,0.8861644804867415,0.9332807476449549,0.8513695256586244,0.5718527775486207,-0.2672993530065277,0.12130588232660451,0.8570469635809962,0.7713075642808999,0.8997204801698572,0.9142424248064963,0.5895633353842752,-0.011265015342452117,0.9157910248315989,-0.28461565730855337,0.5095887927998543,0.9602530868928654,0.9300698062416117,0.9561809033540573,0.5805027861963543,0.38206566456316876,0.8302739869452135,0.9749522478492398,0.19208019768842843,0.8685601107819736,0.06050127099226861,0.9274371429192266,0.02471279583910442,0.6853625524318576,0.2065890373838247,0.9699112628908889,0.34989352681141994,0.3571025735215089,0.45564457379247975,0.4458943475099541,0.09475988579287299,-0.19472768963425244,0.2858509261970402,0.5434264615579135,0.8395949672810558,0.9590935062363453,0.40669373486309895,0.9560325988944791,0.9575424374946928,0.9581961283360492,0.9266831532070879,0.9300176406612566,0.8749611781939147,0.9568684782286447,0.746613715856751,0.9641050644459493,0.8092275579919077,0.8405355468027637,0.9063124554828508,0.7889314667480049,0.8067005358383967,0.9156285969659422,0.3157752913855813,0.9521707591161412,0.6869586173280671,0.7491166782494229,0.8989965681771714,0.6210048377912133,0.49865615108308303,0.9512039868099685,0.9479252009987514,0.9466076027126268,0.9720333261885757,0.9131321247491119,0.9484157468869637,0.9536786600779006,0.5424674596227992,0.8921728902366451,0.8059294372218261,-0.05009073377950941,0.465506018024291,0.9039879638469157,0.8526139697110321,0.9297367883050046,0.7336892627339765
55,-0.43138573528925617,0.4675754010442441,0.42134568320003263,0.12854628482608155,0.2191905847621824,0.19435505863539815,-0.08404051728627104,0.028473463708776948,-0.12157038947581722,0.1990407203584028,0.004237315877020198,0.02471279583910442,1.0,-0.02735354160905023,0.35268987341692526,-0.10911343530220712,-0.19164676557155558,-0.19236972554433163,-0.1482039360093391,0.02019732018368097,-0.44401232568993454,-0.0385524510518473,,0.4695998905110286,0.4208811956502692,0.039714300582592246,0.36184347173317954,0.3716665646039922,-0.031366204444212384,0.08104823668989082,0.11578907886945959,-0.15578348816148282,-0.007679224037945919,-0.1413798433644197,0.3125456038689593,,0.02078696164900652,-0.14694049665047942,-0.14173921674398693,0.006761927383381666,,0.24323630805189603,0.12282964818106473,0.3939778593261303,0.5464982879918266,0.3598909238426369,-0.07711947439932669,0.20829704225900297,-0.12879047752295802,,-0.13178108395107435,,-0.17772442590600868,0.2303752327578605,0.14468506615042265,,0.05995661804945893,0.38723639167598967,0.5216476760014098,0.1908707434817124,,-0.2791392733422731,-0.2873100574081787,0.18112736150996542,0.5569287414108275,0.22810449877384548,0.20180895315761258,-0.1240317077730839,0.38603892613845187,,0.33222190713614885,0.1425395547586277,0.1582594255023094,0.0071433607591769,0.30957504817230536,0.03859663012458891,0.03833532742006419,-0.013775187996073492,0.2567662946751465,-0.07455799232337972,-0.14751178791700154,-0.10150785305996526,-0.3447275068103824,-0.1104997155616325,-0.12221893793366795,-0.06529249352313764,-0.08466492085848222,-0.24721140000503278,-0.15106732083634672,-0.04036488259978038,-0.07145152880627924,0.2949415678977274,-0.08364430281315921,-0.12911545629625512,-0.21469185039678468,0.12244647608494726,0.31871048365781784,-0.16930952318965362,-0.08007898313304677,0.2207679427322865,0.24663914988125551,-0.07247410980943336,0.1506081694424672,0.1650041887734204,-0.10606196939901705,0.5161428104909392,-0.032726395205793485,-0.05002352776936844,0.22693725557939956,0.580716561491624,-0.00923688774623776,-0.07743798210222004,-0.04807249060153569,0.15594695138823117,0.48726405198608624,0.45743309548989747,0.34612962767119004,-0.3927283869582698,-0.1257142912462135,-0.1739438218880566,0.097680720645026,0.1810008851849848,0.7353848379900133,0.2569241929995614,0.03634162432626379,-0.18234406006040985,-0.0045930023948301275,-0.17265645924240045,-0.08032248856247001,0.060630164491993516,0.4784008630660851,0.1599263055130332,0.16595976318937164,-0.0019044562529432858,0.20946139900867358,0.14320353899658333,0.12144531220260826,1.0,0.4014535749157451,0.5380276189356535,-0.1388309203158789,-0.08998538298152907,0.1518415942347916,0.3696760757123061,0.10607624848115256,0.4005601065368502,0.6423457198349238,0.45869893759349895,-0.12752105735485136,0.33801624508676004,-0.16064243268282502,0.17980388126735783,-0.1425690897942694,-0.10341562267495316,-0.11717460053576056,-0.0840794596360946,0.1516444169918402,-0.029538027514569767,-0.16772968346304196,0.07693933980543194,-0.11125520979926234,-0.13597130986047906,-0.014185349942409763,-0.189192403548714,0.08828188828252058,0.12574555132421245,-0.12805980146260174,0.4044121479156118,-0.168725498322325,-0.1676558631745633,0.21771458084263634,-0.14774867785933365,0.2679854800367837,-0.050307320031106786,-0.014074198507436445,-0.21203892613252348,-0.07900565273817542,-0.07326921326534133,-0.1253237251640809,-0.20072974616574496,-0.16561090312903642,0.11248732418433109,-0.1919202204324931,0.04474758661203416,0.32332373356149907,0.14141072697259494,0.05201344936444381,-0.05237159192138568,-0.10684269442883629,-0.19703508765322686
56,0.2091556623381891,-0.22479684066759528,0.4612057662067476,0.9535236492965763,0.9345948198132408,0.9222621676174115,0.9528763723881868,0.9891010887571176,0.9611362640954115,0.8603657020543356,0.9672195130377548,0.9837452165694727,-0.02735354160905023,1.0,0.37061394101310424,0.9792527341023063,0.9083700462904568,0.9653345678594116,0.9763010752171484,0.9461655863189461,0.24245824215994763,-0.10811114769444735,,-0.22920658113085118,0.5037219576375768,-0.09337312886188878,0.4154389667012767,0.5482731178706461,0.9268639241763349,0.9646100565731213,0.963162291521729,0.9482283412729228,0.10337204226388563,0.8687799651594514,0.38824639382329945,,0.4170896591653092,0.7150995069946406,0.49546679330225546,0.9865657267702895,,0.5649974525409316,0.7222332336435521,0.07548648599794243,-0.272699193335586,0.11403294144405247,0.15971252132526015,0.6218652002098579,0.12410350222997393,,-0.19863146167200338,,0.5115009222432177,0.5850649291870099,0.4723750499940252,,0.32913640879052725,-0.12257001522399942,0.6132237176575519,0.4463891989861694,,0.3339779663308112,0.39775004810947345,0.04857248324608215,0.014977989377648063,0.8664157290179497,0.8792339323866267,0.8521900817255615,0.3106613252966471,,0.1655232284936935,-0.022345394150197293,0.15354811215825742,0.8835761376687669,0.7244683021882228,0.9331810754468753,0.9744606781314753,0.8615635362518566,0.45521227339356396,0.9500386839381003,0.8970616823637811,0.9696998786739326,0.5358546774763276,0.8941969196618532,0.9061082823968016,0.9162503079137779,0.8201052564821294,0.6404269283104502,0.9525350538999466,0.9069824420883369,0.8842224980850926,0.5074851485518285,0.3710479298652614,0.9482646432099137,0.13136397196121183,0.43140156224090787,0.14554521430446726,0.5274698511434474,0.9425382200194075,-0.03894770001208923,0.7365916744076032,-0.11480107317288114,0.7774281812776772,0.15238032100191384,0.9780910476113148,0.16684743381942216,0.20382374621692276,0.6897024088137835,0.8951987164536783,0.29227072345570976,0.18244355834251644,0.8855352147478187,0.9426641511186246,0.8101858199797716,0.5727744337183427,-0.2944376392671784,0.06307991411661124,0.8665787796123415,0.7352337018803524,0.9086971991588374,0.9031643274804093,0.5429774717933618,-0.05336152950781518,0.9173956114608863,-0.31408649501806984,0.468204915580105,0.9553943770377443,0.9299551645421965,0.9579242224202154,0.5707172914328142,0.34659775219754274,0.8476410472750718,0.9520101367780156,0.1517450989508048,0.8161371752735901,0.06135084086431304,0.8918488229274925,-0.027353541609050205,0.6686888998891386,0.21178321575751463,0.9885376261776992,0.35338604145701397,0.3346998084793777,0.45754197150445075,0.46261035059823225,0.027712596087498972,-0.2500052819726053,0.23531448815243255,0.5221574220055092,0.8066092427739151,0.9688675715763994,0.407425713231759,0.9656558458092181,0.9728853013162219,0.9678377680582846,0.9247907148000245,0.9204423370187897,0.8977803056999777,0.9638867620067028,0.7504485106899961,0.9723595093239193,0.8177616638055096,0.8577230144713018,0.9244997692748879,0.8130640316504907,0.8110258888618289,0.9082918226645775,0.31927470000416464,0.963352430602381,0.6649371004324656,0.715738063545814,0.8985041699374535,0.6531546449244968,0.5390067410021802,0.9636806182559327,0.9602687059145117,0.9566649371250331,0.9807294739481688,0.9193740532536279,0.9610185832266179,0.9709834190218429,0.5212837244288614,0.9107832006073,0.8198219286419707,-0.08066390491635059,0.4529297226167179,0.908577008469089,0.8476376919109712,0.9362633697902973,0.6921116912112061
61,-0.11223719750219993,0.03587343827239937,0.5543797114852372,0.4263470086658992,0.4982597328272243,0.425544248128433,0.2860199848274315,0.4166360494817978,0.29643122333750505,0.3697625782744944,0.39169329983453643,0.43189008991505645,0.35268987341692526,0.37061394101310424,1.0,0.3298633574229883,0.2285807060741975,0.24911030674136586,0.2695858965587284,0.43732017778034055,-0.06614307002850335,-0.18171002945057185,,0.040883256942046496,0.5616547174771858,0.03360213890267526,0.2795882420190674,0.43706130909062346,0.3779038184193196,0.40940401146164,0.41654006363376517,0.277387178324327,-0.09720761896774559,0.20505315581602565,0.21693051781989994,,0.12583474804508812,0.0863194073007218,0.07469623027242261,0.3813067311567336,,0.38603343038717414,0.4451368334506053,0.26799314346048303,0.23644350854587481,0.31011634056097936,0.197900308564103,0.4130416681870776,0.06794599696607048,,-0.2021686133222385,,-0.08577970249852773,0.2769247135711406,0.25494809063921936,,-0.1952675610278835,0.19654574922618764,0.5643250464523295,0.35052145431499776,,-0.11355932004977376,0.035649348709728,0.3192610886977079,0.10492141902876075,0.4432945175074901,0.383685636315268,0.2323388680385113,0.4537348528257342,,0.24428324966053436,0.17783102265663212,-0.022213246858080293,0.4352909372145684,0.5651702356250512,0.2982676888610475,0.3906098810407839,0.24794353866853394,0.25567855799465955,0.2749259060811324,0.27329447714569277,0.2755346454175654,0.04064768557372596,0.1871192225380068,0.3190389112642357,0.24191063881517233,0.12544351095178546,0.017570854736914138,0.24598302252470247,0.2300985797402593,0.20570431788959362,0.30506419275599583,0.2347463802065697,0.3391954517423961,0.20363250169844904,0.4819826765055239,0.3157855450599037,0.21160793151507007,0.33510342176437946,0.34146466511015444,0.4542296049365084,0.04297777750457816,0.39884112158466145,0.37777500964050736,0.35961477561546634,0.21188454224227532,0.1890207799470337,0.18737951723706933,0.41603562179275433,0.4606367978255685,-0.03327314232291292,0.22037338112510152,0.2978477295527813,0.5178239781669046,0.37539740082223866,0.05000899322030379,0.13334675023276776,0.21162865027124414,0.22942432022163534,0.26312888127275424,0.31112383215895717,0.2964377142748068,0.2007348994543124,0.4417987694275328,-0.17997415630531877,0.10022466336505195,0.36126905260817455,0.3406772554713073,0.31153367077284794,0.19611828819301613,0.4522954799087743,0.3852197575520018,0.46639601013589344,0.09530310469701286,0.4202628710191406,-0.12147545243848872,0.40075436585887503,0.35268987341692526,0.524959068055893,0.3276386753643545,0.3186318547610854,-0.08702176353588306,0.47307919562941775,0.4418581515537244,0.39580052227814344,0.9355469605331039,0.5524235284874472,0.8174338384052483,0.09018746862279024,0.6630110058109318,0.2779523498791899,0.15580205065186392,0.2826895181703967,0.30884451469888924,0.3176252469511442,0.26785760738342224,0.37252917190065027,0.2995317718038574,0.3104094366515762,0.317625326466186,0.2980429449233504,0.38973572494697256,0.3904602624420352,0.21344597925461598,0.25877746334056845,0.6162930696850265,0.2795799985029703,0.09657796782190332,0.2678466184172352,0.2442444786330548,0.4047131676058789,0.2577873579752816,0.27017916870935693,0.018008861865443773,0.345278454038895,0.28577913639864233,0.34043391042397897,0.3211466747116958,0.26913608885102563,0.26926783890500017,0.245338879079945,0.16705549608511452,0.15384637748157692,0.4466204648781366,0.10469032881182895,0.33650679587166676,0.45143233298442903,0.36722966989695227,0.29068075589439407,0.23951199691381592
62,0.2726699891420592,-0.28332279247625886,0.4178771247960289,0.9181006782462297,0.8947728571333777,0.8867834642574797,0.9582533070583779,0.9759358019957028,0.9770444019334452,0.8309666563582074,0.9531756292269582,0.9700146998054727,-0.10911343530220712,0.9792527341023063,0.3298633574229883,1.0,0.9164871975376067,0.9812448206399229,0.9848511682390707,0.9333319622802282,0.30470907317289697,-0.09654427626646792,,-0.28722477565613164,0.45486086860046016,-0.07913879402603821,0.39384033156915726,0.48966735463681776,0.8987069312090222,0.9334334942993724,0.9306564095028403,0.956534924675086,0.09598038635258294,0.8880483674208746,0.3396897180654477,,0.426903199177835,0.7554925785748542,0.5103516894380249,0.9728849538403626,,0.534392659585007,0.6797976184133997,0.04580456530219424,-0.3265906918167941,0.07788362081463138,0.12931378253675244,0.5804182342175304,0.1155423437549634,,-0.18820744213387788,,0.5486339562837992,0.6039105021560067,0.4377546678941382,,0.3450555635754342,-0.1581190336592891,0.5371287342876915,0.4385778691938433,,0.35448488903062164,0.43738156369713,-0.0006879908253561949,-0.03374512962442953,0.8267312843066597,0.8315880282490159,0.8861792413459535,0.2731754336227051,,0.1260989203369744,-0.02036050667592755,0.16309257641324634,0.849048807609986,0.6676622516201527,0.9284361045881987,0.9675423771961749,0.8510640979382967,0.39023146968642797,0.9412406185224647,0.9095004458805338,0.9794522221468901,0.5686594369856762,0.9242954186749794,0.920769991349597,0.9334185941499422,0.8516972559900144,0.6869063435251361,0.955835239163674,0.9235104980738785,0.9121943003670339,0.4537360913994187,0.3681171195034635,0.9560110951756827,0.12350824804770923,0.3819376577003252,0.1081244994253688,0.5194128405503999,0.9437192010661389,-0.060197348758299976,0.687382208018447,-0.12220329127816638,0.756186130968335,0.07489535442931401,0.9831952121115695,0.1110358571325,0.1942638032589793,0.6820871088411639,0.8804092502606581,0.2328092205166425,0.16146018575268944,0.9059081058894131,0.9370829249907665,0.7888033036472233,0.5424495215916804,-0.3142397104373257,0.057805881845985944,0.8973073385381317,0.7450048388481203,0.9173605633649048,0.8863436229278508,0.523291011838237,-0.10948280954488601,0.8745943024977868,-0.3392118785363891,0.47617199311896913,0.9430874732710992,0.9349221250724261,0.9627049991673439,0.5741938104775038,0.28262531865459634,0.8244499581983027,0.9255193962666586,0.1465612162837141,0.7867954007942565,0.0511500962928469,0.8711000236079126,-0.10911343530220713,0.6360926054118657,0.1595510857451917,0.9776002980645043,0.3500115386095758,0.34216493756128274,0.3999326416018167,0.4246730972140941,-0.015850415118620658,-0.33237379209061974,0.1717297781013886,0.5494930163287395,0.761426777116237,0.9835577211587224,0.3794739555945622,0.9959183285607053,0.9913456807131837,0.9872356290502812,0.9527817325084703,0.9201544637795812,0.8819813375937522,0.9880046693887686,0.7291225451426203,0.9945573829915014,0.8167947475648083,0.8454644209174442,0.9446621912440677,0.7960264397490406,0.7833072086317162,0.9184570985132239,0.30489938422766977,0.9754207541749287,0.6512398327220427,0.6645531692178717,0.9151845307091088,0.6174928953935686,0.5338756295238495,0.9540986363938512,0.9800862627351367,0.9368853391653258,0.9800357978855341,0.9174815479234677,0.9740988999725868,0.9862382000443741,0.5336661265885528,0.9388983471959013,0.7935150242967315,-0.08933711231814326,0.42748273209802246,0.8892550635022396,0.8639553560014582,0.953073863253368,0.7088588927487612
71,0.436581542022972,-0.3716276045959873,0.2881235981795597,0.7796317934675486,0.7708070065549664,0.7700917486339969,0.9597938237103728,0.8940200584105789,0.953232917435683,0.8561886326240857,0.9428097806461118,0.9080434887869956,-0.19164676557155558,0.9083700462904568,0.2285807060741975,0.9164871975376067,1.0,0.9538296582326158,0.9491605848515632,0.8223451822320328,0.46357582138063463,0.004079365142070171,,-0.37480551384656813,0.3147670239754779,-0.05410531241039348,0.1284717303890989,0.31817092986487555,0.8057146225961859,0.8085312991758652,0.8456672479408905,0.9381548025776112,0.08384588233264391,0.9492059597384972,0.2493745039581952,,0.47642270915423574,0.8508177349733054,0.4947609530542559,0.8952723864106471,,0.4578361497536425,0.503193259658266,-0.08582356359244159,-0.2679378102902735,-0.10938682086732278,0.1297708223477792,0.4581305443355816,0.15002492239215864,,-0.036853498778055674,,0.6532187619517544,0.5005013294941326,0.395588931880518,,0.47216250224152473,-0.23359416359869406,0.32111681062680414,0.2620565045931902,,0.483988516504267,0.45136730510656903,-0.10427732015943161,-0.06783513307479883,0.653564158468841,0.7928336006890856,0.7950633096539416,0.09224362819719148,,0.09524368251393983,-0.07819011233579579,0.09454640933665683,0.9071274087885863,0.5780179373378701,0.9118901510056775,0.9052738455985844,0.9149829319389192,0.5097768942613559,0.8881004417322482,0.9533754458634162,0.9242050560343796,0.773841728579228,0.9304743066262898,0.9285392158509805,0.9447164401372219,0.8820773701567756,0.8265910531662437,0.9300079010157554,0.9261545981048324,0.9142619679123668,0.3557255080162174,0.5104506424199592,0.8708203862959873,0.18324811134493577,0.2776783909699777,-0.08857559712143627,0.44797183426095794,0.8957450298261523,-0.020247762683044363,0.5619141448200661,-0.04853839862410528,0.8240965899379891,0.18781500755130853,0.92938579600495,-0.06254461851361012,0.25516186489992815,0.6666174865365454,0.7206390107361814,-0.027733282044101276,0.15523958094855786,0.9099356096227766,0.8813384087638007,0.8006772846310539,0.3366790874174719,-0.3480943080349544,0.13971836733434576,0.8866218638150334,0.876005539999212,0.8788375770264785,0.8804575332488147,0.5971600905103904,-0.1605612174469667,0.7655342717946129,-0.1545764076346555,0.7086836390454853,0.9261956209294094,0.9440203101696215,0.9256797596476226,0.6175519988499201,0.23842422234170169,0.6609720430447816,0.8351570065722799,0.21281372396129045,0.8415929111870499,0.04439682195264151,0.8780169438770336,-0.19164676557155558,0.4616004794956796,-0.09260589936732122,0.9316391274148158,0.5258518201374351,0.20015219995982106,0.24812158956441052,0.350523421533293,-0.10555120107451298,-0.3454129218322536,0.07255170902980235,0.5800823275655231,0.6466746950071824,0.953000185049497,0.3214679671058188,0.9288806321617293,0.9227428161449805,0.883188792478861,0.9430169160219878,0.7865067902148744,0.8102388999336853,0.9019913604502315,0.6068904877410461,0.9259761911499577,0.6390696079257671,0.6480481972702565,0.876938951535613,0.6127325518202011,0.5675550328389436,0.9179329890653826,0.14665614593600593,0.9451936072046037,0.8811205339833471,0.7739250247037629,0.9330301122149265,0.3619881930750926,0.41804047725198484,0.8801593407444284,0.948840613444978,0.9226087987849756,0.9235890990339479,0.9397225866561069,0.9419284835089644,0.9248263105012783,0.5424763922560142,0.8997631645401749,0.6740933433108226,-0.1456579734779229,0.4051471123003521,0.7617729875249669,0.7964026196903436,0.9107406276215267,0.8227748563274622
72,0.34521492086084254,-0.33065163900626926,0.33620504416176866,0.8742237998088025,0.8496923843454676,0.8523013673802439,0.9787874906996984,0.9546851218684992,0.9868639641823459,0.8402494574906343,0.9531993685314282,0.9525055097070799,-0.19236972554433163,0.9653345678594116,0.24911030674136586,0.9812448206399229,0.9538296582326158,1.0,0.9954658885173733,0.8888954307595132,0.3759582167587732,-0.05597585521312165,,-0.34059979018936926,0.3831553692980314,-0.11959422181191436,0.29753531897276175,0.41119694546730534,0.8865101514835839,0.8966000489580612,0.8997337370749852,0.9765224403414281,0.08923474718029255,0.922095575946916,0.29219162173001434,,0.4625105706632981,0.791115928531439,0.5152290054427675,0.9564001046305505,,0.49745341646913355,0.6247406552917959,-0.03602021664348944,-0.365372848899857,-0.005139943626280082,0.13529598195104744,0.5145739472117634,0.1428535449057637,,-0.13188214512954613,,0.6112687651521292,0.5531175533655078,0.4242973033875219,,0.40173003339476065,-0.2303530262999287,0.43947925916952935,0.377707151919843,,0.4145073972796529,0.48143953072554063,-0.052532842326039816,-0.06509504014456714,0.7637400725181203,0.8169063134663868,0.8841322112760784,0.1943261831781738,,0.09231456814820624,-0.06546093131899448,0.14341672916440007,0.8664340506900865,0.6135360731838747,0.9319332462180597,0.9570255231823309,0.8844771457278037,0.40428569799812153,0.9591433119914535,0.9461956219028342,0.9865483084856511,0.6645416688651681,0.9448814400685662,0.9423330289970966,0.9511054656312341,0.8773338295360397,0.7634649677992383,0.9683668038381394,0.9381094285644148,0.9297949495522327,0.4066968874474525,0.41669666844426473,0.9401340691399233,0.13758382712777845,0.34435342652695566,0.016252716438022813,0.5340129958492145,0.9360142098075064,-0.07955784460584493,0.6215380723204331,-0.09965919149236327,0.7700955847880587,0.07278347049684956,0.9740267655046806,0.021511349904052377,0.21397921987144025,0.6969853168482207,0.8298174381563727,0.1095553506343243,0.18162227735223518,0.9190593169952198,0.9235255858702359,0.7806268197316077,0.44893510057340463,-0.32784617740419547,0.042064223322553725,0.9251782022562804,0.8009813241166053,0.9357947029144281,0.9029121000048551,0.5353841932049874,-0.15919648515103813,0.8359669881877383,-0.25330236491469044,0.5551622316320995,0.9418995698574214,0.9518701395080644,0.9684742675895273,0.5821970896321268,0.23962036123268912,0.7661743195497033,0.8943623294235031,0.16324578386892674,0.7877253304355758,0.043137629495698826,0.8660671109915924,-0.1923697255443317,0.5402677516967709,0.04645257213895109,0.9801570743498491,0.41172620241293856,0.2643756101509577,0.3246439286870304,0.38830513109193987,-0.10123818683826166,-0.3852136740271201,0.10314702728622184,0.577682001062285,0.6975154810700499,0.992426001182976,0.3422900169244415,0.9831609406287423,0.9808898451849587,0.961268244972625,0.9520596166304448,0.8782050261985817,0.8632189972291271,0.9714817135635263,0.6862693868078434,0.9814103772743435,0.7715058577203018,0.786907775134504,0.9445920125514574,0.7378459071757232,0.7014149257157137,0.9341318959793236,0.24851600493591794,0.9828236038728866,0.7167637929922182,0.6738668775750146,0.9381492109514162,0.5233410177311317,0.5167493758877396,0.9422134731003302,0.9932858010271634,0.9447479881524496,0.9757104347982817,0.9372840482677106,0.9922776966129679,0.9877413053999768,0.5290772855165806,0.9512628012625549,0.7579198942219836,-0.14498875853003915,0.4056958569425679,0.8329769265264266,0.8355677871122048,0.9522085081941328,0.7566320186063702
81,0.3043441727799989,-0.30430594333469996,0.35498907719472655,0.8989535478349518,0.8681310541864254,0.8791699849142391,0.983410774371932,0.9673528457707419,0.9844331994403278,0.8601312307915183,0.9628273471240875,0.9627170436660395,-0.1482039360093391,0.9763010752171484,0.2695858965587284,0.9848511682390707,0.9491605848515632,0.9954658885173733,1.0,0.8974131155624047,0.33111144484380667,-0.05003527624661609,,-0.3130956720822578,0.3959526008755964,-0.09377015810141745,0.3349981327020763,0.44185884190652835,0.8990643995111923,0.9184183584918866,0.9228209172093443,0.9785268402322753,0.08642920313925788,0.9220113942615354,0.32692366993080474,,0.46321509171497993,0.7955888675092846,0.5053006113596882,0.966279057440725,,0.5132441761312965,0.6429149478512916,-0.013267470600597244,-0.3377418906763102,0.02708547208089923,0.14015021051586035,0.5381641908178422,0.13642769595259532,,-0.13861675840070667,,0.593842050350076,0.5642299799042668,0.4253839376971935,,0.41537974030808267,-0.20304789929413966,0.46853581974592595,0.38001735570251405,,0.4104939424882187,0.45902664016907113,-0.03618940976691301,-0.0396900245143928,0.7956252478049803,0.8455903413055049,0.8864525377664415,0.2066410530163904,,0.1076094116813976,-0.0649075108390142,0.12673069613056775,0.8797401963881258,0.650564180977066,0.9458582322742211,0.9667193731633952,0.8986569604341652,0.4390296755693295,0.9647363835461408,0.941711232433962,0.9887838527563163,0.6536938634457119,0.944001075753407,0.9324811018291036,0.956860326390855,0.8802765091415233,0.7494283780508145,0.9753631841104086,0.9421706253381072,0.93537846750163,0.443286596034768,0.3988369811198855,0.9435968128973391,0.13011574915620563,0.34096248681862323,0.03263367899235786,0.5348775710637044,0.9451696439739516,-0.08285563897378634,0.653814311634953,-0.10236432953459827,0.7828278204566433,0.08648165271504833,0.9766578285552497,0.05200699862521099,0.1984215495795995,0.7091614889784623,0.8451350827016807,0.1363091008663429,0.1890309101353443,0.9263286086368627,0.9333164695333741,0.7855570164978105,0.48444097321501545,-0.317816694267734,0.06191749667180413,0.9020837748621967,0.7982384971670278,0.9229541245364814,0.9161444231224377,0.5375840039469064,-0.11679504153361889,0.8649060995088557,-0.26443314975835885,0.5523682966473191,0.9496812694277023,0.956958793951354,0.9756268618663981,0.5944113181717839,0.2814497799298188,0.7978438668493006,0.9091468871880853,0.173032946373096,0.8028774641674902,0.04099976253556815,0.882763281562707,-0.1482039360093391,0.5584208125990181,0.08272498499879259,0.9842221275691725,0.41005532268550066,0.2665584912990311,0.3488944566481787,0.4063368227550396,-0.08144674274354717,-0.34746800760843227,0.13106935200504183,0.5612782908361753,0.7161378696286623,0.9933476760213837,0.3715262927828624,0.9842335454134258,0.9875272858353646,0.962458727172707,0.9588362717749045,0.8921002686251447,0.8728670108202876,0.9680777151515584,0.6875981139912848,0.9852832167290702,0.7622197684355096,0.7913955877076042,0.9403545822814803,0.7535725812379033,0.7179922229196014,0.9326617173475981,0.2781070812461841,0.9828076304577174,0.708463376716913,0.6869306062390347,0.934309203708136,0.5422555581951793,0.5052870856891951,0.9535333170835175,0.98673180847394,0.9621002557412213,0.9816326971617018,0.9430346717077932,0.9877175188961443,0.9888128171660433,0.5349875716792816,0.9452605846244884,0.7664003478452942,-0.14875228727945136,0.4190939964570862,0.8431616640114327,0.8281552649288406,0.9587438161076253,0.7387767264492181
92,0.12215357668998125,-0.19559417749920868,0.5629170894702336,0.9441030325365766,0.946231267323245,0.879784301694079,0.847437491230858,0.9464348792440233,0.8879412412901725,0.7401082550632612,0.9016470620032606,0.9421616890525847,0.02019732018368097,0.9461655863189461,0.43732017778034055,0.9333319622802282,0.8223451822320328,0.8888954307595132,0.8974131155624047,1.0,0.17662365626535023,-0.22443948718437037,,-0.19143782668441392,0.6133820983479178,-0.09072757016896363,0.47605506037823186,0.5896668383699616,0.8989412270348758,0.9474969078965922,0.9361996858468081,0.8483091331637497,0.12339234596511545,0.7732548368301738,0.3720807606367406,,0.30168377086823717,0.5693153415163581,0.46804066444977904,0.9528961227663851,,0.5724819538448629,0.7661614182875779,0.19207710480866233,-0.2090231233747863,0.17932468529205042,0.1451153512093691,0.7030457434827756,0.11658295165294226,,-0.22162950098244183,,0.3628051201511224,0.5692336088393599,0.48011367975330205,,0.1363605682187118,-0.08490559898339915,0.7277483457623225,0.5351698250713589,,0.21560273081755893,0.34818355819808494,0.09101013635202508,0.00985948930882135,0.8674664498983223,0.8141880430662225,0.7686774179022728,0.42495473627059477,,0.20286143817918767,0.05201042104648043,0.17384074328973526,0.8201747111787873,0.7403995397022652,0.8252531804274154,0.9105705716898802,0.7385912359472911,0.3871066472892918,0.8653905138144032,0.7879711426780076,0.8891653421221473,0.3548918139003804,0.7764534201869622,0.8262761757401361,0.7989787656593191,0.6849933805439387,0.4623268274370168,0.870522442960779,0.8020780644613548,0.7618028322162819,0.49294782686724875,0.2977058416673472,0.9038730546089642,0.10768188318981854,0.5471888622025873,0.3008086897317298,0.4581423314361236,0.8864548257878122,0.04450834762933073,0.7827242790298642,-0.1292417891374831,0.6799840897239913,0.17627512493488687,0.9388203573210172,0.2490309655489125,0.18591198101894937,0.5618825969669442,0.8836970975293422,0.45765436065149645,0.09020014879670897,0.7730296319421651,0.8971770708075498,0.7593932030303848,0.6063214802990333,-0.28459935382998575,0.03130728006471991,0.8425614023682221,0.5868574746398106,0.8601760282048091,0.7801485293643071,0.4611387570416392,-0.10305089445202725,0.8775181101924012,-0.3896239789528743,0.3033979613864272,0.8967120635995792,0.8486224480550032,0.8654645648226511,0.502754704086745,0.35041037237956424,0.8398415023259321,0.9307053186527017,0.12348066892714077,0.7268016411381655,0.06868402762041055,0.804005445444836,0.02019732018368097,0.7669565324579013,0.30060036854487987,0.9243272261589055,0.26169218438752956,0.4244202531301273,0.5345947840740551,0.49801660280729854,0.12335990516790117,-0.2410438138128919,0.27038435541184974,0.48712506240912745,0.8391766457910997,0.8928873783053495,0.39134229321912817,0.9068597796381562,0.9085386865070497,0.9473759882782079,0.8336316825265317,0.8989922028249849,0.8696140954799412,0.9395880973416931,0.793329703181388,0.9099015581626935,0.8917586547057937,0.9294603919857155,0.8744313428585374,0.851925410814195,0.8932553966597752,0.8509922082577857,0.25580603701691235,0.8983087143137195,0.5925655941044062,0.6883454445513658,0.812367795708577,0.7612227613872443,0.5720613907274682,0.925101314609316,0.8983515297837614,0.8797269439564919,0.9330651110201386,0.8353468348174907,0.8930050005990017,0.9202906041398002,0.44555440516465183,0.8585372430732437,0.8557187098864054,0.05178128525491817,0.473544889815288,0.992444281176147,0.8793228217305001,0.8621227775628555,0.6195769154357291
1114,0.9721779129905709,-0.3070379177711019,-0.053371474909240615,0.02522935492913745,0.08101222476473528,0.019679084396247035,0.36158773191582044,0.22995940832506198,0.3852667165409323,0.2503526563230556,0.3193618134193823,0.2795231104670672,-0.44401232568993454,0.24245824215994763,-0.06614307002850335,0.30470907317289697,0.46357582138063463,0.3759582167587732,0.33111144484380667,0.17662365626535023,1.0,0.1275052017756943,,-0.30381569696733385,-0.08585613802435413,0.020941378719217234,-0.44821953302146406,-0.21828267122131179,0.15736266869201435,0.0761028372129983,0.10877635878393427,0.3653782337447289,0.07557801689602725,0.3912625778019866,-0.17673965725349555,,0.23946301910132398,0.4302481486428922,0.33591572072062925,0.23792287934593787,,-0.07152751481762304,-0.046246996636911626,-0.38826366365376513,-0.36951642047711514,-0.38234584101802566,0.03843310327441336,-0.07884438538732878,0.16043274524095716,,0.2021558142983673,,0.4611535732336008,0.06328479702008265,-0.02006082724526955,,0.14001680647541292,-0.20600375428082807,-0.26313871527756394,-0.1842004405613468,,0.2930442843665848,0.30776029990290255,-0.1890854048042186,-0.30073355851041955,-0.07319444831347766,0.06582215673860768,0.2507642521767865,-0.22574127359133933,,-0.1327079745554047,-0.1251873478213557,0.02974074728890406,0.2781773619618074,-0.1557496986324805,0.24621251221008597,0.261103408246896,0.3124497167759312,0.04459555723377055,0.24994165385060843,0.47568872240901805,0.31362013561457086,0.5906838522487863,0.3836905405773606,0.4829317767822112,0.3512653457547577,0.33053939992664816,0.552562608234633,0.3117547302488811,0.3658537891397022,0.3254313338761898,-0.1538445897002801,0.4789239603231316,0.3100194802687865,0.2376921715070163,0.0412985580493719,-0.3629124553047819,0.14081532693743581,0.27219829223606207,0.003155278007066564,-0.10849812962060487,0.061659383388601295,0.2726880361700782,-0.0017622473745502747,0.3396872752699645,-0.43501196778781764,0.31760743489450466,0.26626515321495114,0.04908515120084619,-0.4815894534976768,0.005817102601585714,0.33502733828936226,0.2461442992546025,0.349611509331717,-0.28702781057379345,-0.3069023594222814,0.02766957551561241,0.4841095214774255,0.5272069665530963,0.3849933146743504,0.2650379168033178,0.3382441710680978,-0.36023664492328006,0.007384454670370084,0.10400728208265389,0.5824877042811236,0.30624825206117684,0.3678029957430766,0.32967624743830487,0.17219788286963228,-0.14797268306549535,-0.09229538687696573,0.17567946640097204,0.09349003550519185,0.3360361387497519,-0.004130891379140064,0.3088358097897615,-0.44401232568993443,-0.11977219584442668,-0.4500447198070079,0.31730686619178766,0.35317126469007665,0.026697203094147554,-0.22833145385206732,-0.15358712170717667,-0.1901960231494233,-0.39016400030062626,-0.1548011885609365,0.4148114378000387,0.058619448339869006,0.366222383213681,-0.11922417306819871,0.3466342912419937,0.27545571105449235,0.2906178853616147,0.35111134125753035,0.13664167805178193,0.19278839131303563,0.34141983691078825,0.08579845425771085,0.3202531443848716,0.20979563340247034,0.07287088928782294,0.31392613158755756,-0.007364638572277572,-0.03496630655852667,0.3804692297427124,-0.20370861038772037,0.3622451512580419,0.5143531771708163,0.23522988633362527,0.3958149995523593,-0.21014088490538527,0.08706162188610252,0.17835927699502754,0.38158035665776274,0.2668281397484233,0.30381747306344054,0.378549692772038,0.38219729692669857,0.32203957441876163,0.15837516992062703,0.34063109527351093,0.07631115214576957,-0.14792021677569483,0.0913199505191075,0.12882717584290035,0.2938117329566461,0.2846593721414149,0.619772338823151
1151,0.33831825128312587,-0.06712926207003236,-0.25262856953668017,-0.1842651844972041,-0.17341867467101402,-0.1278488635121646,0.007824479023381115,-0.10883686631016692,-0.045124281352461174,0.07076409108986209,-0.05465474842954508,-0.08974790731529268,-0.0385524510518473,-0.10811114769444735,-0.18171002945057185,-0.09654427626646792,0.004079365142070171,-0.05597585521312165,-0.05003527624661609,-0.22443948718437037,0.1275052017756943,1.0,,-0.06335993708158844,-0.3398991189333064,0.24297637806641642,-0.24690019222160342,-0.15604764020803824,-0.14508476679031485,-0.16718691719705467,-0.1404300475248594,0.0028938911930214413,-0.13845812188987774,0.08355962522533246,-0.032763142791089335,,0.10554088975368174,0.17443314471530075,-0.006096682689909609,-0.11699883073997024,,-0.1864485660051695,-0.20218234715117886,-0.1969495798108135,-0.047053311110969324,-0.12630531513050636,-0.04074330109609054,-0.2066831270727555,0.07443423563861633,,0.115780331610158,,0.2501638851564089,-0.0052096970377846965,-0.16100690873033974,,0.24448195421649443,-0.04826128549337009,-0.3191837046672951,-0.2978882729120028,,0.04432485647313059,0.016569688169474846,-0.1458870279809663,-0.07232716937105496,-0.20892294408575823,-0.019157223845666625,0.00854972667943791,-0.3432472728261419,,-0.15542907466987493,-0.11059153442672043,-0.1506243495815899,-0.03186105714287625,-0.13439538761432648,0.012199739156810283,-0.07811353116544797,0.06621027915953834,0.07538394683106985,-0.09215598169724694,0.006031635491515886,-0.06010863963866103,0.2731428187344411,0.04351082118713799,-0.023167132589197694,0.058391288971159104,0.09091308414103495,0.20065660528971893,-0.06648169453766645,0.02858777176605059,0.05355573531162411,-0.12178416523642209,0.020451268448296193,-0.079860118154274,-0.020158665103169906,-0.3393618129770229,-0.31578056013462713,0.010480419672788035,-0.05755177643101576,-0.08054223086973797,-0.2507588518071266,0.08227737190749009,0.07340828731951626,-0.07387409838817255,-0.10884082839593086,-0.23191403759305862,-0.0007146165768738634,0.04817081517024055,-0.17774575811916493,-0.40875985736592774,0.11917241021282525,0.08516757385293365,-0.12184991262312206,-0.032074232052930994,-0.20661095307807878,0.005774059391542106,0.2011590769146435,-0.09777062726423927,0.2121102641286801,-0.14282219171789412,0.018948707337373298,0.13511026066991227,0.15264116730021784,-0.13636145128698227,0.2374597099487565,0.2870935820273852,-0.0804868056180138,-0.009411764160279069,0.0035143502177772254,0.07975617866048333,0.004613330456461087,-0.160574855149789,-0.14428572737485248,0.08828395650142123,0.043256527134567596,0.018313390978168222,0.04993419720809313,-0.03855245105184727,-0.276232539434358,-0.16138949198772654,-0.09601544030383231,0.14147621681137285,-0.2843951124378736,-0.30177170365981987,-0.13140267036181924,-0.16369133422439802,0.012520339215260395,-0.19522772296202082,-0.0013729134651801094,-0.2211993805566407,-0.03802204486286085,0.08024301824161093,-0.06435333793014095,-0.07680988845233028,-0.13553320198479826,0.03717091543142331,-0.1236353857271535,-0.14593343004274062,-0.12461954763801916,-0.23712339055698298,-0.06461735247364869,-0.31724988110254737,-0.30957157533391577,-0.08082685635753174,-0.24720018145963873,-0.325357772722612,-0.05050082085565254,-0.017400697726183113,-0.0630794892409243,0.04885875478615383,-0.09324805155667558,0.00893017629161613,-0.38009892909682924,-0.23177154511770504,-0.11089862648270196,-0.07383680994547714,-0.0286318371868645,-0.11350154425341293,-0.019852463189675817,-0.09082614787633057,-0.0977827054666436,-0.054545988046600796,-0.08827890383069772,-0.24513826777220887,-0.2978866938852412,-0.04304121937632029,-0.26558290316715516,-0.20434171156908332,0.00020275502535654487,0.09576992404601684
2111,,,,,,,,,,,,,,,,,,,,,,,,,,,,,,,,,,,,,,,,,,,,,,,,,,,,,,,,,,,,,,,,,,,,,,,,,,,,,,,,,,,,,,,,,,,,,,,,,,,,,,,,,,,,,,,,,,,,,,,,,,,,,,,,,,,,,,,,,,,,,,,,,,,,,,,,,,,,,,,,,,,,,,,,,,,,,,,,,,,,,,,,,,,,,,
2131,-0.3057049974588387,0.9971005543153927,0.05414429687925347,-0.11790217902829281,-0.1140036741275266,-0.11608982968949448,-0.32035936312518437,-0.2234155513254345,-0.33024816298485815,-0.1750940446366948,-0.25662201318768213,-0.23070141839298672,0.4695998905110286,-0.22920658113085118,0.040883256942046496,-0.28722477565613164,-0.37480551384656813,-0.34059979018936926,-0.3130956720822578,-0.19143782668441392,-0.30381569696733385,-0.06335993708158844,,1.0,0.10189273221723995,-0.11408219711323432,0.16355814696239468,0.11545654521213695,-0.22446825086638364,-0.13870186321207245,-0.16484208509464762,-0.36092064050889405,0.057734722079337504,-0.38026577655610255,0.10862855890270359,,-0.14995513949117423,-0.3586075233431976,-0.15868960611984423,-0.22941164512261616,,-0.007727879462147335,-0.09629795455497259,0.16138412881867578,0.2961302642055915,0.26709650919963424,-0.11023830862255948,0.04359725309037121,-0.202847632819035,,-0.029536063711980514,,-0.3558788077245261,-0.09787659401591212,-0.05814016846559012,,-0.12942281387279747,0.17946833548312616,0.1790169209849962,-0.009268935693878516,,-0.2711228965302768,-0.300440997188883,0.08598668647506988,0.3623402810156375,-0.051697839976009616,-0.156820704488304,-0.2759752098483004,0.1754571743641421,,0.21839310007629312,0.045215950583434146,0.1342776326867923,-0.2647073885341684,-0.06540614666754113,-0.24454318798280197,-0.2496402068297865,-0.27973355506083525,-0.11306252207990919,-0.254666897605854,-0.36450017559906633,-0.28975002904577074,-0.46968446408767456,-0.3194644902060105,-0.33409485195310473,-0.315180036145323,-0.2804281927828188,-0.43372490709082007,-0.32799019633737053,-0.3031172593105438,-0.30681303355878387,0.127444911959413,-0.1637664247466974,-0.3067349001669415,-0.2763487980201576,0.10666005193278204,0.27833119461951894,-0.27580173250113416,-0.300964267826496,0.08329984312775665,-0.04461023984170493,-0.13498698024157182,-0.2546516052055249,-0.05783712284481491,-0.294864297354325,0.29771749936999337,-0.06608667215752675,-0.11795513572451236,-0.07501431538969026,0.32573079808463384,-0.08546839316441422,-0.3291656185277493,-0.2147851575341164,-0.22560777673164428,0.07886978784275746,0.26860782768035424,0.029019554213899828,-0.4065178496320427,-0.3943396706408681,-0.286765147939104,-0.19602024745431396,-0.09635456513295389,0.34645160250416285,-0.05697373583960595,0.10937287650998885,-0.39587916074180746,-0.2314717571460574,-0.35411301185979205,-0.28839052819223443,-0.1810158903905592,0.09118572273157169,-0.06867001992967527,-0.12088151253580993,-0.13472616401596163,-0.18714664547774904,0.07434085836586139,-0.23666612883011878,0.4695998905110287,0.08478174054289102,0.3592720597553383,-0.28588527842802847,-0.22639314654574474,-0.026094355048726474,0.21670157703494547,-0.03576069261114559,0.14614154304998256,0.3265104165372214,0.15434523289448174,-0.20343061111265287,-0.019863645393765388,-0.3277314445434609,0.050395811776404835,-0.3105955230987101,-0.2846771123531345,-0.2861554639748836,-0.3157576353236154,-0.13764449172406235,-0.14193348432844544,-0.3159628367600378,-0.10118841567379185,-0.29912726860944516,-0.18715796385081004,-0.12593522952085645,-0.3137998801864811,-0.07989394303834994,-0.029325095253922566,-0.305666681932885,0.24252849082989897,-0.32003030633741825,-0.37267675269911,-0.17065529027389573,-0.36332094946785715,0.16292735498797928,0.007567961551754212,-0.20281565848808777,-0.3624403830558854,-0.2694365414050367,-0.27793295381538435,-0.3148530982139247,-0.3315564119555457,-0.29719819567149025,-0.1905884843385998,-0.30830255028294967,-0.13755166770458654,0.23116072781952365,0.009396467095008632,-0.15228131798970437,-0.24182956350829074,-0.30698039384460474,-0.3648637701455247
2211,-0.16493132301715607,0.10991323858746563,0.9401239264758945,0.5969152647903745,0.6669108671349261,0.5842301238235565,0.37538844698242824,0.5416981846428137,0.411216457755399,0.4051117739590596,0.4771930224406803,0.5351007025817336,0.4208811956502692,0.5037219576375768,0.5616547174771858,0.45486086860046016,0.3147670239754779,0.3831553692980314,0.3959526008755964,0.6133820983479178,-0.08585613802435413,-0.3398991189333064,,0.10189273221723995,1.0,-0.12964664464611955,0.4685104387473256,0.550397851448261,0.5356450841154354,0.571261677258326,0.5548980909172575,0.36742556839193113,0.0759832355151969,0.2656031422429027,0.2548655815903266,,0.026876088545930075,0.09285386001441903,0.18378661825594267,0.5404871530528305,,0.4790510331124526,0.5970186406887332,0.28965861593005293,0.14809386670605235,0.3513887604294006,0.10807681664295707,0.57283598612446,0.008706931073072986,,-0.20036886687293068,,-0.05375938664130929,0.39936881875611435,0.3977280666561786,,-0.16629601724821305,0.13231997176011004,0.7731434863069043,0.514826807323804,,-0.1258320700556943,0.07482359989231412,0.18797059893417958,0.23483022247757773,0.6315480378295232,0.490613837421701,0.3206725120989739,0.5900404146549173,,0.28528028566681735,0.1664351526508446,0.2697466602643544,0.4272735918165255,0.5840713010485105,0.3714751492451168,0.51613330886107,0.3293031714257101,0.29015381569250553,0.4685732625245995,0.357991747266003,0.4271518855710039,-0.10049848331571987,0.2767009670616655,0.39806990459709074,0.31384419503354294,0.21007011834027275,0.03682776515268248,0.36601801928560457,0.3346545385741685,0.2762915300746694,0.3852669995609173,0.14983743230630692,0.4336226949370089,0.05408551861500218,0.5653104748399022,0.42613734499513656,0.16922611631744836,0.41280030267251294,0.29276654307712063,0.5640383915227979,-0.05661119885772375,0.37556386097411,0.13171765030593527,0.47250843945263077,0.4923001699794472,0.120181377946065,0.22724459105872652,0.6468753077513484,0.7226482525745351,-0.11674837208772218,0.29693744755655654,0.43264946303832913,0.5010223847968275,0.5834900987308329,0.0548293498021955,0.12117313233966955,0.3241192386371416,0.14267158458698362,0.47157650132938195,0.42105663278886524,0.26354605204466885,0.19451816143379352,0.5890925012926086,-0.2752410239444986,-0.09914215950738925,0.47997271828570937,0.3699771409245707,0.39409288661816144,0.24552177234496872,0.4071037217851221,0.5084222753545885,0.6138596560269984,0.05411893776860812,0.4344159915501804,0.028584724540647272,0.41439378399888993,0.42088119565026927,0.7194095476622272,0.48363278086756484,0.43842091497951646,0.014964888553100762,0.4646861943789305,0.6321430670691348,0.3631534429496936,0.4276170434957392,0.17051322792484613,0.5045541542109574,0.19065400464257246,0.7232035282344053,0.3783745215342682,0.18480298010050578,0.40799803253387057,0.42802585563885914,0.47870825652849786,0.32639300820862194,0.5852305188699706,0.49283776653928457,0.44840393372014886,0.49836454816660347,0.4084285858571565,0.5900128308434524,0.6265392170144468,0.3641643912366564,0.5980095406973256,0.70174883336796,0.4212771616985615,0.29316850243088904,0.38712045300455533,0.2300695916429786,0.49672577686915337,0.35170294280048064,0.6498605063200734,0.35705023909452543,0.48415998466299054,0.39317107577862515,0.4018566033870977,0.48994300839057386,0.3801911930898941,0.41638489310288446,0.4284761822434064,0.24017856509285743,0.3303710541818917,0.6116144021528207,0.30907815271213307,0.34373050900227253,0.6440863632430185,0.49928843990358546,0.35766767156431645,0.2277009792746829
2212,0.09601904682902022,-0.15464953054616631,0.18563268599742713,-0.07427071843556217,-0.07395397686466566,-0.08952070872290227,-0.07594899776170033,-0.08787977305539385,-0.10373517591878097,-0.004852568913747159,-0.05556057051593434,-0.04656767801113427,0.039714300582592246,-0.09337312886188878,0.03360213890267526,-0.07913879402603821,-0.05410531241039348,-0.11959422181191436,-0.09377015810141745,-0.09072757016896363,0.020941378719217234,0.24297637806641642,,-0.11408219711323432,-0.12964664464611955,1.0,-0.10570112392624037,-0.14483101761930922,-0.12411262748509098,-0.0682965288733223,-0.028238399652323318,-0.07096935300674538,-0.06112790493603605,-0.030933014560243683,-0.044995806902712494,,-0.05678691242988562,0.10056581689501538,-0.04219800218463246,-0.09506981688167032,,-0.15358111632233226,-0.11709141435424786,0.024528505822592146,0.08562524455691957,-0.00782842971327501,-0.0819199641952158,-0.07474368952940064,0.08090136746232422,,0.028656077758103374,,-0.07040195215526757,-0.07060041017308923,-0.12097996340080705,,0.018217875504565995,0.12860026737477098,-0.081538924411733,-0.1680006503749071,,0.032021051516371156,-0.16882218213309616,-0.013004532674689293,-0.15801277695547608,-0.0407062728464809,-0.030369572033901615,-0.09522561069484872,-0.15678079419314422,,-0.17674634503771794,-0.06729044480066415,-0.13718346419902402,-0.008279312184630645,0.004792432065362016,-0.046271475490955026,-0.08151542667761857,-0.06640768193707808,0.1049180420603067,-0.19693171995161896,-0.10387755418491797,-0.13159701484192676,0.07942540812709294,-0.07021587431894222,-0.10644482446859942,-0.04091197440824543,-0.06630760181858894,-0.05079467938811545,-0.06433955136180584,-0.03665160789984641,-0.047787080133746516,-0.023714628365517118,-0.1217917904615573,-0.0397132179647093,0.08828837714618819,-0.24786819893673476,-0.10929907692583651,-0.005344390247488521,-0.04704460724860755,-0.024247604519795952,0.0068702930163658275,0.113311350281137,0.015820095864093008,0.1872025775828399,-0.07471495089626767,-0.12502039520632663,-0.10270619525030764,-0.11728048123920502,-0.1789713355266627,-0.1467154182020573,0.0285879124490278,-0.027477611316954347,-0.09209320390225131,0.002494092461158652,-0.06541395490823937,-0.13273212956423935,0.10600262119524512,-0.15277562090816793,0.06144335392201248,-0.22236749624670388,-0.10134717168066193,0.0368943967569181,0.06063756003790433,-0.09109015372228187,-0.037008917135510674,0.19217506739543144,-0.0989226595466327,-0.044667817954752144,-0.07304669778020363,0.06183916296554837,0.09435950303936175,-0.03532786284751559,-0.08903436630178008,0.13043928308775304,0.057084514129729584,-0.029613472543535392,0.07422144080891349,0.03971430058259217,-0.14239401243558836,0.028814636484264716,-0.09585418396838571,-0.0011875061242791307,0.022955367912543136,-0.08593758694753525,-0.05402462411959573,0.06422001479504001,0.14817004112523735,0.03818292298226696,-0.07877092674495739,-0.026769913824317045,-0.07760430325292694,0.17485760185276056,-0.06814173637960122,-0.09559685770931008,-0.08385748102425726,0.002854858842279392,-0.0970593324061572,-0.141005362405794,-0.08120717552329258,-0.09272706840583193,-0.056518412763377504,-0.15147570715384043,-0.15274978773021344,-0.08501471338353468,-0.12270028599357254,-0.12417131242405773,-0.08724598475270146,0.017960902138558478,-0.07095232672211256,-0.007127941921649338,0.021171157813892706,-0.06934868051453338,-0.14703831072576481,-0.17520348760602356,-0.0755323317227096,-0.11421478077304631,-0.02678306934905245,-0.09308607119371094,-0.036863385208020974,-0.1425748695260831,-0.11625342699168707,-0.013384589592580601,-0.12834725316804385,-0.19553464358839548,-0.12548454006689636,-0.05844854064453632,-0.0828279644135632,-0.08249197171829156,-0.051497800286700667,-0.01511161668491394
2361,-0.47105261294998396,0.17791625718185708,0.40204146331956936,0.6012463188485717,0.5335938380280036,0.5822170521272082,0.27347039275990115,0.43939827361468226,0.27992709213008005,0.26054520837445394,0.3132470735512396,0.38605356006700614,0.36184347173317954,0.4154389667012767,0.2795882420190674,0.39384033156915726,0.1284717303890989,0.29753531897276175,0.3349981327020763,0.47605506037823186,-0.44821953302146406,-0.24690019222160342,,0.16355814696239468,0.4685104387473256,-0.10570112392624037,1.0,0.5161519553741019,0.4739200186326704,0.5553509482029125,0.5074167103363525,0.2692136674677593,0.07924032266655782,0.15998981730739995,0.401668756268397,,-0.05467381907105596,0.035788815127902246,0.009618758430163054,0.4341025153840809,,0.36339743819334863,0.5873831121250848,0.35786011404994345,0.06722290042020765,0.4452181137059387,-0.019204513346545386,0.5081157266939115,-0.09647096760238867,,-0.22661812333699918,,-0.17869785124567256,0.41026869797102533,0.3336645232980064,,-0.05777573087107641,0.13274649305199826,0.660789185602031,0.5680068826852915,,-0.13907473676379623,0.016948096154264455,0.21499324686046103,0.3174844441025971,0.6530186336105329,0.4348690464769394,0.41067943285292485,0.5068529525751192,,0.19536383115617187,0.1304094260405477,0.19749508760264564,0.24803112177429415,0.5456966123639039,0.340380043520375,0.4190561917371185,0.21893191170665538,0.10003045605935619,0.4159153472430202,0.14700587953229927,0.3666239523501637,-0.2646560752987375,0.21240865278609278,0.15491000834212654,0.2408009935312576,0.1804117938768317,-0.1272795066914281,0.32399440985774713,0.23840467451660746,0.2740384655325575,0.45265941085422595,-0.15720271402621572,0.35027683007089516,-0.08148990671855205,0.3871710675425672,0.46743276459856054,0.20573076930958156,0.3297834216903974,-0.06780698628815768,0.5745132688870727,-0.15995090098983167,0.178248690393912,-0.16595981222396902,0.35797420132911817,0.5095181550288147,-0.13198510422377646,0.16107956229048936,0.5899032193943555,0.69808044247296,0.06263908583650832,0.24048768795735334,0.3466714193588731,0.15048013412210637,0.6809702153238967,0.1465745490233325,0.04607395829677773,0.14377885052961875,-0.09687565876526757,0.2839011167018863,0.31996202494260223,-0.010744013191851096,0.26667442956021603,0.5749247947617009,-0.39109074646323744,-0.33989618592837234,0.31686147420697736,0.2294248554277388,0.34553669041069907,0.13519689606869928,0.29509473118053337,0.6599123643639101,0.47073336805630694,0.009436643359284734,0.1636478843801661,-0.0024033281629653454,0.2376649265836195,0.3618434717331797,0.5475008953137199,0.6167340727669767,0.3353021398452346,-0.23174229242372335,0.3696096615199322,0.5313155067827812,0.3620604037253877,0.16522763169906213,0.046499819470986574,0.29252830663051316,0.022536547091516618,0.4866323301493889,0.2984904501839169,0.309351641898804,0.3458380305971307,0.39949614437655956,0.4146092117147297,0.2738302490713289,0.529966713654334,0.4219193638510659,0.36057208185169914,0.45633832804329744,0.36761238536141594,0.44386758837468787,0.5742055164243568,0.3123226959623031,0.6195073848294554,0.6430964915710182,0.2533573152540467,0.4479894164703921,0.2976405240584468,-0.12475646553966137,0.1735164102045888,0.19628394532320212,0.705640198884549,0.3708169369620834,0.4634238911951965,0.29625949681119784,0.3336318147607554,0.3855292900653466,0.23154853112717952,0.310882488522263,0.36656281905041593,0.11232785334185559,0.29411907095195117,0.4799180778706585,0.09321035523181459,0.18490361061921476,0.5019845049944192,0.282715811673013,0.3354246727760095,-0.15779022092842718
2371,-0.2394864205663219,0.11530050225038026,0.4824437911522071,0.6546449659560976,0.6671956489434149,0.6177538714375042,0.41952835573762554,0.5639901030756532,0.4451730990894316,0.43874061557079413,0.49430997756903194,0.5408808497554004,0.3716665646039922,0.5482731178706461,0.43706130909062346,0.48966735463681776,0.31817092986487555,0.41119694546730534,0.44185884190652835,0.5896668383699616,-0.21828267122131179,-0.15604764020803824,,0.11545654521213695,0.550397851448261,-0.14483101761930922,0.5161519553741019,1.0,0.5263234934634851,0.6327434488219511,0.5957876234517182,0.40963037875462066,0.08575579016925275,0.32650439563798506,0.3456557533615553,,0.1522474885716873,0.15387978808265132,0.24678734667053143,0.5586133193520342,,0.4930953596496978,0.559352403889121,0.24057647941911164,0.14136032559979378,0.38207878023670727,0.14756171466055804,0.5257240385514376,0.034178126061889635,,-0.2443017190455721,,0.05120129511042073,0.3999798099913312,0.3512500708312991,,-0.006335161087656006,0.20753629687320424,0.7225247769068568,0.39992345179219124,,-0.11168219597945452,0.03537199747800043,0.19397658729258443,0.21293478473766633,0.6578940867063733,0.5555714536536095,0.3875368685310868,0.4168734224496888,,0.2739273847828415,0.09528435678148003,0.08110866923135296,0.4274545689702877,0.5861740282068763,0.47419689547389404,0.5234400279218254,0.377898747395892,0.2788665553723478,0.4825133243680934,0.3272045541233936,0.4688920689495577,-0.08533202963362486,0.35787143123278436,0.3769528140340067,0.3978264390708776,0.31131813200338676,0.03724438810945521,0.415797485901502,0.40255815380851834,0.3645520192020659,0.46778925515373376,0.009911607992239996,0.4720249541838873,-0.05224644109557547,0.4466003654654964,0.4679596186025703,0.23287498372261564,0.499515339362136,0.1516908384616199,0.5955923360945304,-0.12294464830461067,0.3624582711169471,0.14513865967597325,0.4868421614608881,0.4219280905872997,0.129965607952726,0.30289767715665844,0.636523390045183,0.6064904424242537,0.12976401835361429,0.3916061367986012,0.5220140930486854,0.4889733439200177,0.6163340203964779,0.010923302575842642,0.017684804647823064,0.32709342292601307,0.15806877088557186,0.38436076158887134,0.44223969027910903,0.3333559661354726,0.2361035393447703,0.6284104618205533,-0.21754794519530976,-0.07586541129498804,0.5074089251328824,0.38172448288159117,0.44773779389345414,0.3182440235070096,0.4297841215036355,0.5967396190072839,0.5974883926704949,-0.020420330757518874,0.41704952939345585,0.170676689281098,0.4473753171777072,0.3716665646039922,0.6396324972555885,0.46943210050827666,0.4849069501787062,0.01794907972198667,0.33058602638717627,0.5325027839342881,0.4115111074288154,0.2816713279614975,0.15048759188365826,0.42088012761735943,0.11723206358015571,0.6229223474557203,0.4247578522909763,0.24038285723806632,0.45100080545870264,0.4723208778346019,0.5074326108014521,0.3928089109862746,0.5597498444029528,0.5177897605017612,0.46999473817916915,0.4847511702285652,0.46613247755776416,0.5334041150654864,0.6129851818478048,0.4145865459509704,0.6212170341968015,0.6450233462862051,0.3839618470071098,0.33768345532084376,0.4336689571295112,0.1448601909877618,0.33765568955375885,0.3595204510581195,0.6559626719218055,0.30255041182554177,0.5343651178001106,0.4116514671766398,0.4526394956576579,0.4956072172518964,0.38235292849320573,0.4103657255152911,0.4587155099554691,0.2563652115173411,0.3709400550548088,0.5634849032541958,0.07626125042176694,0.3308069509160907,0.6033306401010824,0.4895950080010094,0.44826538779787845,0.1452228774554155
2381,0.1149204169897623,-0.2150759291394018,0.48268936748001723,0.9298602455615774,0.9046138916757681,0.89063390366935,0.8629800639543348,0.926004629937656,0.869710133736842,0.7532879310391383,0.8865823788440614,0.9157005063694954,-0.031366204444212384,0.9268639241763349,0.3779038184193196,0.8987069312090222,0.8057146225961859,0.8865101514835839,0.8990643995111923,0.8989412270348758,0.15736266869201435,-0.14508476679031485,,-0.22446825086638364,0.5356450841154354,-0.12411262748509098,0.4739200186326704,0.5263234934634851,1.0,0.9270028049419609,0.9101091905527893,0.8704648238429457,0.10644061584794991,0.7598381958286438,0.34827175277634237,,0.29941881572881257,0.5908979193058841,0.4168576345400335,0.9272986450813061,,0.5290645130781496,0.7392627036491498,0.1282035486429584,-0.2822450962927647,0.22440594519093035,0.16036236884916416,0.6732455365914054,0.14182303761681386,,-0.16575684812210514,,0.3789636662215224,0.48264981572729926,0.4790776854364683,,0.22431062461222337,-0.09281290574713043,0.6562607714667611,0.4758197392887573,,0.29775415342351286,0.3729182280079167,0.0951298220977144,0.00849554283628375,0.8560406925671572,0.8256712425102879,0.7838020493757065,0.399167869740362,,0.11378079925935548,-0.07735498157125187,0.15445632679610594,0.8233938700718594,0.7263937848256898,0.83257242342307,0.9069630690872669,0.7817254784814042,0.40295172495078274,0.9157424956522604,0.8125801142734693,0.8990756530373661,0.4262798326495182,0.769029865665744,0.8101799629914365,0.8030122233982806,0.6879246823031289,0.5097031535233446,0.8781034227897783,0.7893736598478805,0.7637766958425655,0.5168752337513112,0.31587354368034476,0.8810351065293077,0.11445234940190421,0.4731786061730231,0.19231368704263488,0.5705380080274011,0.8527763721571665,-0.014037861223285217,0.7302624847229834,-0.1069171122629184,0.6639373834894283,0.12046567381633295,0.9027607027946651,0.2327706142754481,0.1759275730411245,0.6410044173270767,0.8533565671652583,0.3450361614097951,0.1508867988746371,0.7764641525818069,0.8623129561511651,0.7008777184950236,0.5513197281307268,-0.24008984783898457,0.014789530317282364,0.8040250918304606,0.6082859467516105,0.8554996618713507,0.8122148495050101,0.44342550110420875,-0.07334419728976518,0.8607954121637402,-0.3009618365449153,0.3299221408592884,0.8788363281345601,0.8561336719290451,0.885423306246361,0.4459248231764865,0.354327488077648,0.8302159374052405,0.8941551913753031,0.13740986930808957,0.7168253687588951,0.025379432394734336,0.7907652365282977,-0.031366204444212446,0.6273627941375466,0.2790750441498271,0.9130646551521645,0.2567445201566453,0.3122853296870975,0.4882658145871129,0.48578874445475423,0.06572749342827014,-0.20600197121557487,0.2696114609667957,0.4593785402597514,0.7601504010392757,0.8793515476728524,0.371156109156678,0.8729612121843321,0.889586998247399,0.9013769533217716,0.812537997929477,0.8708328441838921,0.8252915007424892,0.8921242804523111,0.7266882833809356,0.8819385295270166,0.8201196555330005,0.8524939665336579,0.8428382601153385,0.820328249370774,0.8262817668230539,0.818443200445361,0.30494867233555406,0.8756673414518517,0.5771041140063323,0.6332396501481456,0.8031225704308884,0.673967854979293,0.5350226199296495,0.9061698669081216,0.8765907146034079,0.9051842177037587,0.9074493164576323,0.8400540903243475,0.8918370506421816,0.8964692600328108,0.3850715131662234,0.8197963350346188,0.8072025162765619,-0.09663766504743955,0.40247427282439624,0.8753263396885735,0.7425686498071252,0.8430746769916744,0.5816690748596296
2382,0.037169759827120834,-0.1341371414142178,0.5271338624290088,0.9943011676556925,0.9577198935008727,0.9511345624134331,0.880194836930221,0.9671301077637288,0.8887101289062639,0.8039560858515892,0.9112136044433433,0.9482386356255083,0.08104823668989082,0.9646100565731213,0.40940401146164,0.9334334942993724,0.8085312991758652,0.8966000489580612,0.9184183584918866,0.9474969078965922,0.0761028372129983,-0.16718691719705467,,-0.13870186321207245,0.571261677258326,-0.0682965288733223,0.5553509482029125,0.6327434488219511,0.9270028049419609,1.0,0.969435124927574,0.8801271253635333,0.11146631569242965,0.7757820780727845,0.45178248080554895,,0.35456918454940534,0.6029108524976468,0.4345617976950644,0.9654870392385931,,0.5891551968172795,0.7825380680116683,0.17969841745908421,-0.18428387062991225,0.24463921824277163,0.16563241735590065,0.6882944656302962,0.07330957305629796,,-0.24660639895776162,,0.38712276143588176,0.5819436518057898,0.49641575780355024,,0.25236697636658506,-0.04318424601708572,0.7308169143463612,0.5120459350016878,,0.24134336437037485,0.3031073059501695,0.11154298779946632,0.09105651670631013,0.9306668372359495,0.8898589378610076,0.8079223799995995,0.41804472156180383,,0.21202898568795975,0.01866455910540085,0.12377267867856749,0.8364811013908485,0.7952224770725502,0.8836848003816726,0.9404662514159422,0.8026164505967747,0.45586984676031156,0.9190494745946679,0.7946393083124627,0.9154789267699809,0.3699492654419687,0.8011082714383727,0.8031527132410218,0.8374147919045868,0.7264400793104961,0.484369738559931,0.8989963205113839,0.8262366336826985,0.8071067799700824,0.5681018682315415,0.2515456338288586,0.9064018656549948,0.06959061698837606,0.4857750611834439,0.26898072586402716,0.5352284698498943,0.9008735744520859,-0.03036812762680566,0.803128436726396,-0.11400057210160588,0.7094900230283268,0.15497686725895768,0.9318357720205814,0.2896906097488067,0.14557215701399834,0.6319111372093603,0.9173026837080401,0.4493778466808192,0.17201218118514203,0.8095956364572269,0.9078807817314117,0.7489834285651203,0.6719856942134832,-0.21106389353427266,0.03593969478048295,0.7750340815243036,0.5958408222632957,0.8376342664313882,0.8465431215059683,0.4612131545499824,0.02673515902225218,0.9469095560618712,-0.3644022036467534,0.3079911711359903,0.900736093978776,0.8584954599717375,0.8973073687688142,0.553680956183872,0.4214821063993817,0.898781118592818,0.9440849952454717,0.10795987339795933,0.740510767699104,0.07782818405628185,0.8341594666099219,0.08104823668989077,0.7342887051760696,0.3500894549408795,0.9340619534633106,0.24368822776084617,0.36079893608433106,0.5500454161367592,0.4962418756935993,0.08666616523660033,-0.1651120998926047,0.3044320173414569,0.4559992397333878,0.8334773429661184,0.9028847533218063,0.45522456179482207,0.9046371274039546,0.9278137155451438,0.9322280184207593,0.8515174859950114,0.9206433394420795,0.8872801527026435,0.9144724675176191,0.7564863294266305,0.9186345220175322,0.8222298075281367,0.8952958699859047,0.871407662787,0.8691569161700855,0.8766605920821681,0.8333134239017244,0.3683423270508273,0.8983142501989693,0.5447362758234269,0.66733828423231,0.8096862253870358,0.760627410235265,0.5531969763629938,0.9527963129118061,0.8897519671043024,0.9202806075259847,0.9401723249088149,0.8488129044968595,0.8959406708158106,0.9181230960257305,0.4593047549506641,0.8477363493946649,0.8284723147874375,-0.03537198724392757,0.470101251373187,0.927839826161711,0.8082754649731483,0.8741296759778934,0.5586034573486169
2389,0.07699453745607968,-0.16294606719882615,0.5264187290976526,0.9746186813237315,0.9518442833162827,0.9407914434685115,0.9004622330105178,0.9668149298632457,0.8995781103303152,0.8574759954878114,0.9412732340065878,0.958387911543324,0.11578907886945959,0.963162291521729,0.41654006363376517,0.9306564095028403,0.8456672479408905,0.8997337370749852,0.9228209172093443,0.9361996858468081,0.10877635878393427,-0.1404300475248594,,-0.16484208509464762,0.5548980909172575,-0.028238399652323318,0.5074167103363525,0.5957876234517182,0.9101091905527893,0.969435124927574,1.0,0.8889934164965785,0.11307487349306077,0.819550196937333,0.45987003896536177,,0.37665585412894326,0.6609547576307022,0.44132824854337255,0.9634029354577213,,0.577055049271848,0.7447592807026766,0.17966884323130475,-0.1610358901891988,0.19402161917016253,0.13099334699547374,0.6643343998761576,0.12285938549690706,,-0.2259783291237343,,0.4085260612846366,0.5746737343325181,0.48487231286798316,,0.3164803503390556,-0.06681021629757897,0.6992012027254338,0.4834558613619257,,0.2857468024039088,0.31120613888375503,0.08263674636041976,0.10563079004301199,0.9060511741859594,0.8981971786847319,0.7946746140318717,0.3658052754975576,,0.2035447412126835,0.006736536244945753,0.13259493340022604,0.877069393942064,0.7857176753786388,0.9005037757398043,0.9450406873946773,0.8373785900451349,0.4968428768089054,0.9044525276657238,0.8228679209356057,0.9163082770710571,0.4509562220239345,0.8248908777330727,0.8307653178697118,0.8612842113158444,0.7592504221829434,0.5362395685657596,0.904930708315478,0.8562962443227903,0.8406024709157884,0.5806564855138908,0.31904013427549877,0.8913237902452384,0.07657713854117415,0.44460016521200085,0.21693471230020206,0.4890823461866077,0.9027123280030165,-0.01034860717504472,0.784146974519001,-0.13312209766265434,0.7708512511959709,0.19102409728705705,0.9353988290668047,0.26505302980518364,0.15653800727334247,0.6434090286374904,0.8989147712881187,0.39046106292430555,0.16331894455880072,0.830564045253068,0.9187521992216775,0.790108901078788,0.6367865167562243,-0.20724043072511483,0.12232068681756611,0.7697758493499095,0.6673740431006202,0.8345130210664626,0.8771077017024528,0.5157421547284626,0.06630538374040944,0.9458589897307805,-0.30793445342412284,0.4095212565908019,0.9273761433923268,0.8775750752845426,0.910943540239136,0.5668491794650868,0.44416326580937737,0.8862514404032868,0.9534187133223536,0.14645263836128888,0.8137406053045309,0.10280365861748128,0.8817127400280884,0.11578907886945942,0.711457828184024,0.2968197236224207,0.934664579928088,0.3200816875240073,0.35202255072464184,0.5206754772086097,0.4852376980461747,0.09419500172749419,-0.1419748264664352,0.29724160707725344,0.45857767550247447,0.8293353001517649,0.9100708532408618,0.45328094705031224,0.9075946893413066,0.9303334657452836,0.9179790411536901,0.8770346362232506,0.9171155914881168,0.874336468146904,0.9077731807423041,0.7474443604887313,0.9223893780481413,0.7733404847789236,0.8451244257254836,0.8647867932053805,0.8256226460420645,0.8266526085299961,0.8530818557674412,0.37933049423452303,0.9083223994918204,0.6158472792426646,0.7249118175677703,0.8416090234169803,0.6994525424266258,0.5321480066841622,0.9495298915031536,0.8934514725081009,0.9368558835972522,0.9412211261752278,0.8760130709632468,0.8934051932559014,0.9129637277290772,0.4992301193304538,0.8512670739406605,0.8096830713698946,-0.04453452412318045,0.456259097443386,0.9115776639344656,0.7897324418392618,0.8857771164788389,0.6166327039240007
3118,0.34916726720731894,-0.34988761430924104,0.3372781759557886,0.8570435619189557,0.8411185926901161,0.8598714424436942,0.979787482588748,0.9425644004381111,0.9721273303970928,0.8760581943996371,0.9526986212337835,0.9455589354307312,-0.15578348816148282,0.9482283412729228,0.277387178324327,0.956534924675086,0.9381548025776112,0.9765224403414281,0.9785268402322753,0.8483091331637497,0.3653782337447289,0.0028938911930214413,,-0.36092064050889405,0.36742556839193113,-0.07096935300674538,0.2692136674677593,0.40963037875462066,0.8704648238429457,0.8801271253635333,0.8889934164965785,1.0,0.05035275159337324,0.9208621411704545,0.2958939112278669,,0.48460646873158286,0.8057050499721029,0.50925908597473,0.9407475411890618,,0.47269754495594213,0.6160162180172064,-0.07131806492353797,-0.3529577100619832,0.011511255134970842,0.1529856818958221,0.48600064444365615,0.14805019331004712,,-0.12509134281965553,,0.6402370140782803,0.5419451016376745,0.40733145674928867,,0.44764362171618677,-0.19891261492121107,0.41810430530719256,0.3342279378654233,,0.4327855790619572,0.4605352728583043,-0.007644703209270234,-0.05143918651199927,0.7645325255634439,0.8408355163039604,0.8713753949061299,0.1702852128883688,,0.10247503803355378,-0.08735850271729678,0.07224203488720211,0.8691650852513434,0.6126533688450496,0.935085348581288,0.9514342574254969,0.8983336830523156,0.443152765504825,0.9475054447453323,0.9489361734395159,0.972724995780511,0.7047166019253729,0.9408857813676611,0.9360257886838665,0.9550472231772177,0.8760567866623925,0.7855698698956822,0.9545123310633893,0.9361775890182892,0.9278039109867964,0.42752657984231446,0.40933129922878214,0.9238341539788875,0.15030808562732345,0.30601460759726595,-0.030851985969156715,0.5417556192998002,0.9317848041156281,-0.06452027781639469,0.609213085493218,-0.08433529555429434,0.8038786723894537,0.09084311309386858,0.9457978138438254,0.0117810360241781,0.22013810084523128,0.7057342102170707,0.8117437936398817,0.06682815445167108,0.20696752132609353,0.9232975788584631,0.9071359344361285,0.799672335968934,0.4518810281249382,-0.30736258110278736,0.09752939862325959,0.8829000984658841,0.8417449108842939,0.8941446257952633,0.9166148046138239,0.5586454154346624,-0.09384382437787483,0.84028137594395,-0.19973330573180753,0.6065520422689067,0.9369959152473618,0.9466910260793575,0.9664640474917248,0.611328299495848,0.2922556575712006,0.7467533468330402,0.8816879347167609,0.18227854343197317,0.8200223393487731,0.02899241501412719,0.8976584905578515,-0.15578348816148285,0.5030364710206542,0.0382373127401274,0.9604450119664144,0.4373767846670759,0.2217852865137022,0.31137946484630313,0.3682699430861144,-0.06589866681493449,-0.3147710769153444,0.1416059165038138,0.5671397934911648,0.6897361178650191,0.9769820191368206,0.3572127053177309,0.9583333357531453,0.9626904765020945,0.9315346098929637,0.9445797692724033,0.8581127386056508,0.8351131684532404,0.9400108494540192,0.6510823925668033,0.9609048264017297,0.7152923414422822,0.7336531517544278,0.915053296811435,0.7067448956067225,0.6635204405894798,0.9224178759229548,0.2454549004172698,0.9619274716372448,0.7153697900117854,0.668009316892037,0.9298061533007758,0.45204298419458544,0.44683542126864,0.914949731069911,0.9676032001983023,0.9406009849641637,0.9539639169279635,0.923826243656599,0.9666847812303022,0.9558366577386714,0.5401393968184011,0.919947938774853,0.7229727428459354,-0.17734561998941123,0.4026539182406662,0.7859238554645184,0.7971953476134993,0.9428161384685221,0.7721305170442657
3119,0.04452155375303096,0.05910256035677628,0.04179347594443536,0.12182324016761176,0.09062084550626338,0.0915236829712744,0.064736668061146,0.10282767950882588,0.10299794885463917,0.01562860963149881,0.09218786635132738,0.07276630895176664,-0.007679224037945919,0.10337204226388563,-0.09720761896774559,0.09598038635258294,0.08384588233264391,0.08923474718029255,0.08642920313925788,0.12339234596511545,0.07557801689602725,-0.13845812188987774,,0.057734722079337504,0.0759832355151969,-0.06112790493603605,0.07924032266655782,0.08575579016925275,0.10644061584794991,0.11146631569242965,0.11307487349306077,0.05035275159337324,1.0,0.06032462443292116,-0.01755958387615328,,0.03978888543756614,0.044630957369306085,0.041845020474117686,0.08306178623287189,,0.15135845511467527,0.058750419138288754,0.08693900563570717,0.044324465859504204,0.13749347117775004,-0.011263243204104292,0.014267989504529626,-0.015440375360114245,,-0.01155885047073565,,-0.021264405242942184,0.04281178134643065,0.14360921134535853,,0.0585089953350247,-0.12491564478511828,0.10885090121399456,0.017013853039848963,,0.008423005061543911,-0.0836150569370342,0.038375101559481914,0.1695643571832811,0.1024775677900003,0.09555138164569416,0.012372972782022557,0.018809489244500356,,0.06480549536038917,0.020575041224953745,0.16257990431107183,0.08991027684530621,0.09808226212794798,0.07068886291195713,0.08252284807120572,0.07644821724446466,-0.003994283445667394,0.09630876142541515,0.057635847205763646,0.08959720513276807,-0.060654327190261155,0.06694825358515676,0.05353587863696962,0.06522759511649055,0.07108384874075972,0.00695625504691941,0.08231292288087574,0.05894923628838243,0.06697313863083043,0.07762916893502261,0.008293532108035922,0.09324556683208884,-0.13353977298509853,0.05949456522646653,0.16761746352166101,0.017777712045397655,0.060845391518151416,0.01951956926731157,0.11837798336635964,-0.18022288903340622,-0.01826033370337995,4.239351561541213e-05,0.10032226127716522,0.0771199865122604,-0.05692073350704481,0.1236442122650771,0.09911155589116959,0.1569710199149884,0.11818074016099282,0.06927991336519573,0.09481976566020617,0.061665295007599666,0.10912914218681757,-0.015560110366357177,-0.01987067948082742,0.10432918852720807,-0.017058990960787793,0.12428150401219883,0.03674552897209279,-0.020030494012830646,-0.0889967159484001,0.08675972201489265,-0.08722362251847489,-0.07237980896325041,0.12255426815859793,0.07967138074754974,0.059920917904362374,0.07026812134910916,-0.024794110970365088,0.0662187976728676,0.09814180621272099,-0.07428765182018532,0.016014300394433197,0.050807358303080113,0.004780731743081618,-0.007679224037945916,0.14019427157409262,0.07816792066647793,0.10177656867660644,0.03443075864796189,0.0937735776522714,0.0899440839954707,0.13072064159593305,-0.12863137199770208,-0.1292598270937401,-0.11355488296102648,0.03378913342867004,0.060410776215446535,0.07373381370622993,-0.028112676665381038,0.09128965687737052,0.10060535946272067,0.11131999395171532,0.06672790815022071,0.09776634880700082,0.15208827795020316,0.09157715598977564,0.16696643675697367,0.09151094224381541,0.11858567405427103,0.13443483041963894,0.0871878325733171,0.15338617714715613,0.10382544879132975,0.07649073398978783,-0.0055383374665471325,0.08140176024977867,0.07013100960919906,0.02398773787562633,0.05665297265097246,0.19341991757442845,0.1592025151877881,0.0912542639429347,0.08505568226191183,0.10169189779289123,0.08094031544860125,0.10634928564811219,0.09018410844819069,0.10478304351725222,-0.03222400476145919,0.10113116718958949,0.037675686322960374,-0.032166810766695704,0.04928742268628479,0.1382750105493352,0.08031609399664831,0.048973088751732945,-0.0610281533964774
3121,0.3884410944476489,-0.37554071294939106,0.24239622264360508,0.7511741154690769,0.7476329843439578,0.7666498580432686,0.9471114758416628,0.8615913771519544,0.9318788569338086,0.8572537523871769,0.9103054860442323,0.8728806961030883,-0.1413798433644197,0.8687799651594514,0.20505315581602565,0.8880483674208746,0.9492059597384972,0.922095575946916,0.9220113942615354,0.7732548368301738,0.3912625778019866,0.08355962522533246,,-0.38026577655610255,0.2656031422429027,-0.030933014560243683,0.15998981730739995,0.32650439563798506,0.7598381958286438,0.7757820780727845,0.819550196937333,0.9208621411704545,0.06032462443292116,1.0,0.24282085283577226,,0.5351431928192425,0.8822822333931709,0.4447301854447249,0.8633631984794422,,0.44812280993390796,0.4701468265429592,-0.06417113927809494,-0.23351731540301823,-0.05619837286511651,0.12244612124563346,0.40406998138818306,0.12994357569407292,,-0.07511567206916794,,0.6892867027056118,0.5406443133267481,0.3685262213110632,,0.5428191511491692,-0.20267865543560215,0.2904080972022675,0.21176331501283277,,0.485223516239104,0.431480717010683,-0.11079156988570972,-0.021985502836921404,0.6430132084458994,0.7969620024925284,0.7946491454410932,0.045465652128392556,,0.10295219850108057,-0.09081874678461156,0.02833729072965774,0.8761811888927887,0.5636286285298675,0.9132029119375787,0.8801428359900746,0.9112626231470258,0.5016938326468605,0.8624965935833291,0.9252378588603295,0.8999413987971351,0.7811850531572285,0.9361592708074894,0.8914360647113179,0.9480147282533478,0.9078266946749131,0.8355157812289783,0.8980282997182922,0.9392954011500606,0.9407207746608621,0.35065526034112937,0.45424009587727193,0.8394608595766387,0.12409525365442502,0.1797332613204968,-0.08792927269619133,0.4336400570549317,0.8777276212939629,0.007249840614721253,0.5333415989495053,-0.06650770595072539,0.8222215495423759,0.1560375597590909,0.8824869998464128,-0.06950564484839553,0.2258370682497085,0.6304203936070595,0.7038786914264108,-0.03869433909674239,0.2301449253255518,0.9276292592825278,0.84165144938503,0.7768481772393878,0.3827484525892924,-0.26703005500034965,0.1810193309378794,0.8376694791558369,0.8721094098063982,0.8006510540911863,0.8711896268137931,0.6262521777176651,-0.08514018401875034,0.7511986511510756,-0.1275564494200034,0.6885593191139816,0.8930884131967669,0.9247447585716776,0.9087880548138799,0.638265929846634,0.30215453639638157,0.6515949280673264,0.803363631287225,0.2214386684920321,0.8106202536737847,0.034964829463652605,0.8773755457372228,-0.14137984336441978,0.43796373245773507,-0.0603836665278944,0.8817934309604002,0.5292617354862363,0.17350759562284418,0.18170470904029348,0.340154114404172,-0.11540150733861515,-0.3319614545687135,0.027469407849987634,0.5716111565280957,0.5851771273650955,0.9265342315078672,0.3354980895682822,0.9042646061680587,0.9045725733527701,0.8472261283764612,0.9407566649397944,0.7668291790059542,0.7758116922980124,0.8633994605305075,0.5595650588077578,0.9024467752218722,0.5612333320818598,0.5863493645975736,0.8454621790276158,0.5884017482814313,0.505753539818987,0.901755816419086,0.13473189198053892,0.9102094934390437,0.8060970390664851,0.6990193280502769,0.9096145111206768,0.2965073145618852,0.30970439006212913,0.8483641505799441,0.9205691715977776,0.8899328033458858,0.8878935154350829,0.8934980693182059,0.8993337930095031,0.8902823493523999,0.5510200778733065,0.8933656375175514,0.629817728120981,-0.1748870424890879,0.36312952809623195,0.7032629706524389,0.7628377596232416,0.9165817408561575,0.787201098922233
3159,-0.17856264882220813,0.11262527326603253,0.2305627710395501,0.46378055063236495,0.423808961000917,0.5011141000806981,0.32171050197233947,0.3977749136080078,0.28320606965046813,0.439348394464617,0.36591619781444595,0.3702557766699522,0.3125456038689593,0.38824639382329945,0.21693051781989994,0.3396897180654477,0.2493745039581952,0.29219162173001434,0.32692366993080474,0.3720807606367406,-0.17673965725349555,-0.032763142791089335,,0.10862855890270359,0.2548655815903266,-0.044995806902712494,0.401668756268397,0.3456557533615553,0.34827175277634237,0.45178248080554895,0.45987003896536177,0.2958939112278669,-0.01755958387615328,0.24282085283577226,1.0,,0.1942633547860118,0.1914404744176129,0.08170280367124574,0.37767931678291333,,0.2745638715311917,0.4249286805085967,0.2624447026509345,0.025144343796499213,0.12819430779160917,0.004446189657075939,0.351758539231531,-0.06328399643226396,,-0.16596067533545633,,0.12811817237271078,0.34682540451011623,0.10928730757229575,,0.2393837205124695,0.16092283495330686,0.413532403146464,0.31804521330743657,,0.10001664320060012,-0.09416663402177815,0.10060660320185306,0.24483953072133918,0.5095201018224984,0.48296767638996624,0.33632185233545564,0.24136031218034948,,0.1716933277080688,0.14654694449092692,-0.04713282596661045,0.33641227518638117,0.4636958110874232,0.3864967261482224,0.3796460917223066,0.3347534431643941,0.3737232402680315,0.3201391662651208,0.24586410191754823,0.32431808085849856,0.06660743579949605,0.2667130321998787,0.23012517851771092,0.319466122865025,0.24852992408858784,0.07751434388038812,0.3352446372365237,0.2990918572243419,0.3238050023079515,0.36587366208958555,-0.06938644191109075,0.2805879779716946,-0.021964366877679595,0.20719440962150656,0.07924625544536686,0.15957395197372806,0.37034429406362823,-0.1568492763962616,0.3920621733953764,-0.04019676679108708,0.31808345795830817,0.060419839503010046,0.3225611401964924,0.31574006621207007,-0.08272983409882531,0.3352427482870675,0.4418670617655497,0.3158166662250363,0.0975533925792984,0.28325870828424365,0.36878532339247866,0.3105331446864054,0.4033842616088848,0.08745139096996908,0.12608240009615584,0.12174776521631717,0.2091631853688921,0.24180319575151166,0.4129981604372124,0.1275714982573821,0.35120116447984023,0.5434928412209926,-0.23659920010353688,0.09857468585604046,0.35072255840322575,0.26583755208155596,0.3344285118809392,0.24011837743543968,0.34886535163194876,0.4937528083565909,0.415454528304004,-0.13970816335162042,0.33798653944152324,0.08624624412285309,0.38645160582712734,0.3125456038689593,0.41386502908116635,0.3387345103886214,0.33499111612531984,0.1179556900106434,0.14814883908955012,0.41833015536287876,0.2696974267975603,0.09531827535385441,0.16214899336581262,0.25909335839065956,0.18084200837095318,0.3858012848524285,0.316636998021113,0.3833860577450775,0.3153203875413449,0.3606458283453113,0.3250553622407872,0.31367359918906057,0.45241488565183546,0.3587906061843779,0.30278994808437043,0.3292647320651072,0.3391007515399107,0.22111948699027986,0.3534830337069097,0.34040480130443274,0.35283579099555756,0.3688886518839612,0.24006647883227508,0.39983988324456315,0.30603087441242205,0.10287410211434654,0.3355943245830204,0.26167246193065835,0.40851762970322536,0.3415934463544914,0.3870433956273146,0.27255298957206275,0.37723648496352663,0.34786494557517383,0.3195788142050157,0.27494703256873126,0.30636902709714914,0.24835133499398632,0.3118102801782914,0.31010057640658306,0.0950063989236565,0.26302015830076264,0.3701241982516412,0.28331330441185437,0.3343870269781571,0.11074875193431982
3162,,,,,,,,,,,,,,,,,,,,,,,,,,,,,,,,,,,,,,,,,,,,,,,,,,,,,,,,,,,,,,,,,,,,,,,,,,,,,,,,,,,,,,,,,,,,,,,,,,,,,,,,,,,,,,,,,,,,,,,,,,,,,,,,,,,,,,,,,,,,,,,,,,,,,,,,,,,,,,,,,,,,,,,,,,,,,,,,,,,,,,,,,,,,,,
3169,0.24488088535519184,-0.14250800964665372,0.014435068208426027,0.3334788792247608,0.3532588434126504,0.3724756576413706,0.5158476053137131,0.42548821934971404,0.49331539554588194,0.5091874410303814,0.45727290478140514,0.42895516220530067,0.02078696164900652,0.4170896591653092,0.12583474804508812,0.426903199177835,0.47642270915423574,0.4625105706632981,0.46321509171497993,0.30168377086823717,0.23946301910132398,0.10554088975368174,,-0.14995513949117423,0.026876088545930075,-0.05678691242988562,-0.05467381907105596,0.1522474885716873,0.29941881572881257,0.35456918454940534,0.37665585412894326,0.48460646873158286,0.03978888543756614,0.5351431928192425,0.1942633547860118,,1.0,0.5193111830838727,0.2747047931978265,0.4165203996002952,,0.22773212717857666,0.15972833770614847,-0.10632035501845628,-0.024164592523729878,-0.041511318128066584,0.09000992210752545,0.03460897135651887,-0.014085709606945905,,-0.053128835674600236,,0.5338621452936512,0.31178747025342624,0.10857153595400908,,0.4379032648535638,-0.06618218658597538,0.08778055481623238,-0.016763865804143456,,0.2472274106228769,0.20740977890464823,-0.10096357954574074,0.030028241683299338,0.2827076880037149,0.4170665456941167,0.3959345234591348,-0.08130993276443584,,0.032946655541850445,-0.12109335279311056,0.016386633925370483,0.4379581925968852,0.2632192458872604,0.521144599501585,0.45866968844555905,0.49860756652110655,0.30284039713901556,0.4285675334525573,0.49320863079797683,0.4566610438583086,0.4728836810226923,0.5433075228552819,0.49471612910243423,0.5423197482432903,0.5666678310167781,0.5492231502677455,0.42741092726369906,0.5396927976782648,0.5502107467838696,0.06173807531215024,0.24881662293333226,0.4003152214479642,-0.03584523729162914,0.00682953060277727,-0.07269459157732232,0.20413285597077255,0.4670416037536658,-0.06350693554601759,0.22503458849155045,-0.008531704210745051,0.44003477998533547,0.19654040034963846,0.41367437201554846,-0.04609048815153038,0.10869723338812942,0.36159015032277186,0.36057737272853313,-0.1084955860888808,0.22697761711436254,0.5121556207500438,0.4033170672263676,0.4952668678250752,0.23837070345776842,0.007284812493312883,0.16163359480368075,0.36496864817606595,0.5378603791185135,0.3624369898848561,0.49064033674416546,0.36195473311604,0.083301429634637,0.38187135718179543,-0.08126238843392695,0.4575888581564603,0.43466360060967707,0.4773212903348956,0.4679436296022807,0.3578332556514054,0.19273128142256535,0.2936559595766777,0.39887183762808626,0.10358338798316265,0.486043910287926,0.03751089618436155,0.5042421463392783,0.020786961649006442,0.19684544445350544,-0.05817561091567722,0.4191053644027437,0.3290531485087897,-0.004535689356866352,0.001872921778940041,0.08516326023240249,-0.03998744527994815,-0.024381625655377572,0.08225240004537178,0.3442187342758758,0.28805079959272367,0.47114029018060055,0.26820907459696036,0.4408299219758922,0.45464298655048846,0.38524539998546053,0.49905173164902694,0.3832910284834879,0.3495753376703282,0.39469736586449705,0.2126910633268858,0.45341262008157185,0.17644912029639329,0.19632774976259915,0.4183656343571973,0.200969591299556,0.14734103743923144,0.4794933156306865,0.0894721357311458,0.4542614316851973,0.3761117110745084,0.34248625934233246,0.45997018683894225,0.04646204867953197,0.10498979138883112,0.41679180588922765,0.4500603135145484,0.44080218502761265,0.4287655765075686,0.46077935243108337,0.4289570368605087,0.42008638709270185,0.3857615008183211,0.450056680319056,0.2746004910753263,-0.0964055774072078,0.16062006861793546,0.24162666776914704,0.3792269906195003,0.4820423411018202,0.4239582733545681
3219,0.4496042521509346,-0.3563604933976694,0.11496732224231036,0.5722210473301956,0.5486170387136532,0.6157216079785176,0.8433717890897711,0.7109156398788847,0.8053213599310466,0.7873356625624801,0.7820523642357551,0.723578997791055,-0.14694049665047942,0.7150995069946406,0.0863194073007218,0.7554925785748542,0.8508177349733054,0.791115928531439,0.7955888675092846,0.5693153415163581,0.4302481486428922,0.17443314471530075,,-0.3586075233431976,0.09285386001441903,0.10056581689501538,0.035788815127902246,0.15387978808265132,0.5908979193058841,0.6029108524976468,0.6609547576307022,0.8057050499721029,0.044630957369306085,0.8822822333931709,0.1914404744176129,,0.5193111830838727,1.0,0.3882441422919074,0.6977798460599405,,0.29830241788849726,0.2662307712655808,-0.15642381219255763,-0.23197495879924632,-0.0929505321258717,0.04714467206918304,0.2535455564103039,0.05577109402959376,,0.07998086777903451,,0.6759651616970631,0.4953304628022608,0.22537435570178047,,0.6380728725400947,-0.18124842364464566,0.06806845122872873,0.10059249964182024,,0.5426703077556925,0.36249553524751776,-0.2128192572222745,-0.029131303302254784,0.48740108132479726,0.6588954068043622,0.6945032860503129,-0.09460220504369102,,0.041744159710537104,-0.11411272285187109,0.0008302794175623229,0.7426739115948707,0.4007064826374041,0.8252765427904083,0.7502759631163103,0.8400574850118607,0.4566677109530232,0.7179663304034768,0.8408983648896171,0.7736382896642826,0.8256257166140597,0.8691755304388762,0.7841965924950026,0.8656698184048175,0.8663818704425428,0.852998374606156,0.7791256598346965,0.8524509466061836,0.874706073636268,0.25133296471318406,0.41772209108741093,0.7130134492880099,0.0905559435640677,-0.007276278235769146,-0.23697573083025664,0.3240191122686097,0.756077364110025,-0.05212921768749525,0.34546811123245424,-0.07099069903756812,0.7739114165768863,0.08784905573859819,0.745610843996229,-0.16891639289281857,0.18060392245025686,0.5719915341686819,0.5505379482029574,-0.21960443299667715,0.2046399104388524,0.8660655476133357,0.708620455042635,0.6520883653836216,0.27814734098443994,-0.2608589007783268,0.2192225145198019,0.6756050306417746,0.8562490661410328,0.6588595875281017,0.7923738449345958,0.5897497669537497,-0.03713462514098531,0.6037222656685542,-0.04585006816580013,0.7576820080570078,0.7599762467937075,0.8069072292336255,0.8026350639727516,0.5852132867056841,0.22082720509696135,0.5133408038971298,0.6372662061506862,0.21741377663469708,0.742128304885556,0.03275918126515985,0.7799026460179894,-0.14694049665047948,0.2646854095826974,-0.15989375808095113,0.7374812520386158,0.5325291752084516,0.09943391957022117,0.06536308189943671,0.18897572131035983,-0.19145719514714032,-0.31475460434800384,-0.05823215807963623,0.5376398038013167,0.4259161567309648,0.8049656303941193,0.2631179414314282,0.7914667447536715,0.782107405725772,0.6985045496139253,0.8665208691975343,0.6249641562842027,0.5948266692200832,0.7098548177254643,0.38652388465197907,0.7872801035946497,0.3250976407026042,0.35245924816847674,0.7041719890922414,0.37745776185465907,0.29145247717390155,0.7657192080681303,0.17425393748170076,0.7826049378331054,0.7447496377286577,0.5899439446524454,0.8045784686881537,0.10684637117749522,0.18360040363266822,0.6839818380437488,0.7832678812113413,0.7673557506799539,0.7387000318125537,0.7964368018656774,0.761404228601754,0.7459882891702927,0.5246361548877417,0.7515970182500159,0.4512714147770067,-0.23248116847951636,0.2534100033528582,0.4906785263082331,0.5899871825626825,0.789424027628101,0.7017504522776437
3222,0.33306907182558293,-0.16960026841521814,0.19349983651220953,0.40945431869383747,0.4329491577183909,0.3718297559574943,0.490669229531915,0.49185262840880983,0.5129439882131128,0.4226901776893124,0.4986531584937838,0.4868596685204591,-0.14173921674398693,0.49546679330225546,0.07469623027242261,0.5103516894380249,0.4947609530542559,0.5152290054427675,0.5053006113596882,0.46804066444977904,0.33591572072062925,-0.006096682689909609,,-0.15868960611984423,0.18378661825594267,-0.04219800218463246,0.009618758430163054,0.24678734667053143,0.4168576345400335,0.4345617976950644,0.44132824854337255,0.50925908597473,0.041845020474117686,0.4447301854447249,0.08170280367124574,,0.2747047931978265,0.3882441422919074,1.0,0.49173734448794065,,0.197031693222077,0.29017724825643815,0.063059556258014,-0.2402512802741115,-0.1766143800427131,0.030068656615419666,0.2331046549625942,0.03183884441933675,,-0.004831923846913546,,0.3743170168287782,0.21147572043304338,0.14469563260278573,,0.17372755945640433,-0.22521311361562016,0.21044399363438582,0.10533395726378848,,0.1747565458140156,0.2237131586527335,-0.1326832627557956,-0.15765960421519465,0.33661255676635093,0.37916349321612763,0.4030635528305675,-0.04762183136957502,,0.08093076332115574,-0.14389260802309295,0.10880284552194032,0.38852950500240485,0.17967082704191134,0.47669897795122285,0.4597359651689935,0.3629384495131823,0.1733712802869854,0.4241455275888964,0.4584049765927466,0.48318692110232325,0.34181891659412705,0.5045668502219712,0.5405397845494301,0.4936952675292433,0.4764957701054947,0.414096106638741,0.47856747522333165,0.5144694066023617,0.4685838586913336,0.20488383481388237,0.17916553074634847,0.47890552942955167,0.024989652748763143,0.19234881976416596,0.0604840288506165,0.3203817872202426,0.5049514961131528,-0.08599748456068318,0.27835909976824796,0.015148256897971002,0.42247210274501396,0.14336021529117574,0.511226198932485,-0.07348484708896642,0.1768463811143193,0.3548432486533274,0.41277420243461244,0.016601513762860117,-0.04566770321642452,0.4476600546894903,0.5208045750215728,0.48889088434410155,0.14628107356887102,-0.27540160647636586,-0.048848208950369246,0.5004023711249492,0.45045195724465564,0.488226616522086,0.42572137576574387,0.27904115246535055,-0.14614010460260882,0.3890117284809267,-0.07033859158774876,0.36957542815320055,0.4948765763073474,0.4886570399080166,0.48035000414194967,0.28953610100478483,0.07825828211316094,0.3008506995109213,0.44108249576969993,-0.0013406675433926484,0.42662492089271953,0.1713724904675841,0.47766037444968945,-0.14173921674398698,0.26313317045393125,-0.03193969533464339,0.5122895852477246,0.31312865881735535,0.19996880171996226,0.07478847803266979,0.13195537065937826,-0.12164438365583513,-0.2204340385786763,0.07215235434522936,0.3270021300028364,0.3341976270815843,0.5279564702956152,0.11635728497091706,0.5203297906516869,0.48886751505290377,0.5192451796221375,0.47139403530360635,0.4281939942209242,0.4598647135870012,0.5311042486148005,0.39173887598882823,0.5189120833172453,0.44790481648327524,0.4288802140657066,0.5406756949886112,0.3933921735423505,0.3103431557592715,0.4877042155309928,0.07817962489953376,0.5419749376052955,0.3248405527980926,0.367457945477566,0.4715451789335651,0.2921890945001105,0.35168827538820424,0.4758315963376645,0.5118056045010297,0.4634606085924055,0.5068299390692389,0.4845583405470448,0.5000039689610636,0.5085933527666712,0.2333082167134068,0.5250084641069198,0.34888733992148824,-0.08680059880237324,0.2303317020438286,0.44253650320091514,0.5197762164919972,0.4831271590918778,0.46654385023003403
3231,0.20197835412296847,-0.2236974216554482,0.494263732992242,0.956894114969068,0.9560592501249597,0.9314736829988088,0.9465265951445171,0.987272019386117,0.9561962298413405,0.8603013832298745,0.9609294812932917,0.9850336189254648,0.006761927383381666,0.9865657267702895,0.3813067311567336,0.9728849538403626,0.8952723864106471,0.9564001046305505,0.966279057440725,0.9528961227663851,0.23792287934593787,-0.11699883073997024,,-0.22941164512261616,0.5404871530528305,-0.09506981688167032,0.4341025153840809,0.5586133193520342,0.9272986450813061,0.9654870392385931,0.9634029354577213,0.9407475411890618,0.08306178623287189,0.8633631984794422,0.37767931678291333,,0.4165203996002952,0.6977798460599405,0.49173734448794065,1.0,,0.5715137295084308,0.7280543767242067,0.09773251062090266,-0.24726953475292976,0.13080755495282284,0.14964528284994516,0.6297920733151052,0.12384479658958965,,-0.19365832802674576,,0.5051832015174459,0.5972596382397614,0.47341311034692346,,0.3137873181549133,-0.10017949025459107,0.6507784006763638,0.46947882026842364,,0.31343974678604675,0.4112067783543524,0.05927429610390971,0.02712773216372443,0.876662182024376,0.8860228668680689,0.8510080828627791,0.3431327098190342,,0.17738874767145882,-0.02813420809672908,0.15165625361138868,0.8753316879110221,0.7314449759057703,0.9227479593640117,0.9770558813897298,0.8567454048344477,0.4635658517769103,0.950516184823095,0.8891229737888936,0.9655605247907586,0.5123333295498027,0.8857775514329712,0.9051710531512931,0.9077679869569198,0.806617197032841,0.6256326319966419,0.9419960678413558,0.9063829113027175,0.8753339316043433,0.5025020189880067,0.3530248202586606,0.9369873354225009,0.10020635422055814,0.45148063438809455,0.16775379971211904,0.5257869143720053,0.9346246412164195,-0.019368197617980143,0.7384190159412789,-0.11552355414658468,0.7751474782360355,0.14645728456562276,0.9718430489265241,0.1851928480500081,0.21161156307469842,0.6691029567340306,0.9042121754057831,0.32980013286793136,0.1732212746919975,0.8771296860206068,0.9358491315471839,0.8206402023937105,0.5921387042151962,-0.27109493575754706,0.08703308265067371,0.8609152558896134,0.7213759977980038,0.9042515763768576,0.9004457826985302,0.5444909535629431,-0.01767975095539643,0.9235521970851291,-0.30652920424141794,0.4428305943974369,0.9484854342986117,0.916023382465239,0.947621499278783,0.5742626817648613,0.3741831706295308,0.8488536231230749,0.9617751259518454,0.1635739617871819,0.818269092855144,0.06212420189895262,0.8937166925085627,0.00676192738338154,0.692571377493396,0.2275175120682012,0.9717772130681117,0.350167862850842,0.3485912844665795,0.4616346142203444,0.4607666727307665,0.04111939443934737,-0.23761501287071513,0.24896516868362237,0.5427808586743722,0.8232459867286339,0.9590374529548861,0.4052229094210842,0.9567085808330285,0.9638143615127874,0.9652223150534116,0.9127566995999246,0.932688121439162,0.8958598482710559,0.9623555111363303,0.757779044369484,0.9629226443987617,0.8273741249216464,0.8707710566101117,0.9213844265107793,0.8344949295262508,0.8223058453808894,0.9058748090052852,0.31658278291259445,0.9529856836094949,0.654041410937338,0.7162996819642954,0.8861192048543762,0.6695985967540881,0.5360951839684418,0.9624820795517449,0.9508246256032552,0.9415638341486007,0.9787691697360991,0.9068774943138944,0.954136566041846,0.9647244046957161,0.5074151963518846,0.9047404200048754,0.8290744392156035,-0.03885932745112607,0.4568646973990251,0.9185086826307666,0.8495783718089337,0.9250884957587258,0.690278930005055
3255,,,,,,,,,,,,,,,,,,,,,,,,,,,,,,,,,,,,,,,,,,,,,,,,,,,,,,,,,,,,,,,,,,,,,,,,,,,,,,,,,,,,,,,,,,,,,,,,,,,,,,,,,,,,,,,,,,,,,,,,,,,,,,,,,,,,,,,,,,,,,,,,,,,,,,,,,,,,,,,,,,,,,,,,,,,,,,,,,,,,,,,,,,,,,,
3271,-0.11335713068521774,0.005621479434142972,0.38967851927836744,0.5955004027120362,0.5937495217615798,0.6141748472583437,0.502905179597389,0.5782146953924517,0.5058293891464418,0.5054294300907711,0.5577828816978584,0.5568686836717429,0.24323630805189603,0.5649974525409316,0.38603343038717414,0.534392659585007,0.4578361497536425,0.49745341646913355,0.5132441761312965,0.5724819538448629,-0.07152751481762304,-0.1864485660051695,,-0.007727879462147335,0.4790510331124526,-0.15358111632233226,0.36339743819334863,0.4930953596496978,0.5290645130781496,0.5891551968172795,0.577055049271848,0.47269754495594213,0.15135845511467527,0.44812280993390796,0.2745638715311917,,0.22773212717857666,0.29830241788849726,0.197031693222077,0.5715137295084308,,1.0,0.5269724855692876,0.18744281077765576,0.13503184637229734,0.18037904101657087,0.16400172435537538,0.38856315101486666,0.11287720853814635,,0.029510494311660383,,0.19726518604539825,0.5149295161957674,0.2192201106478488,,0.19277643869148214,0.07930061903228035,0.5115904323593664,0.34562353352096975,,-0.01285996810099967,0.1256029178014469,0.14235418088310423,0.14445758443936205,0.6051237995716553,0.5653229724394789,0.45844406823788453,0.3092114217794352,,0.273365619405801,0.0746490456000716,0.14114702460371203,0.5184771122628811,0.5254043752199425,0.5424584951998395,0.5533163639909288,0.4981991938768658,0.3952728635782156,0.5480135252011415,0.44653220685891004,0.5290027227452858,0.14806011155735402,0.4442226558163882,0.44483752658643283,0.48361855961921824,0.4038715446402193,0.2499711636020328,0.4973299139885092,0.4762497707480858,0.45990162707339344,0.38112879771801145,0.17358073835447474,0.4763331974015096,-0.0456418891305501,0.30265730118740813,0.2732774602074427,0.26030545452746173,0.5387224893662963,0.20145626407599884,0.5186404577120622,-0.14397996380525285,0.44434860665775666,0.14185267261177836,0.5376714396839587,0.2575207852414009,0.062303385859369814,0.3664599137795391,0.578722159415307,0.39562280180943354,0.00018981857455138842,0.45756619365634416,0.49897994346367375,0.48483309727915264,0.4283322875067876,-0.09899678603907944,0.06132003480527144,0.4194176531887458,0.2990214630133394,0.4628072441915415,0.53410430635205,0.3210975158451756,0.21401649523606134,0.6138919939249069,-0.15841107934951082,0.1141094670901432,0.5675301319966679,0.501180703024801,0.503830322343497,0.32953811634348174,0.34562677302222805,0.5276616284573283,0.5873475321962526,0.006100808823446641,0.5119869619840062,-0.0271472248738125,0.4819051105841276,0.24323630805189583,0.5240076532735564,0.3365291021902755,0.5336525903397823,0.16951244011941696,0.220233829901244,0.3559033375809012,0.4586247877130611,0.21196507355526134,0.05463436411242128,0.3195191014480904,0.2541255868206141,0.5966440162502438,0.4964920323401995,0.2863727004145018,0.5102266367768838,0.5404785175744237,0.5146899320200631,0.48364424750845264,0.5658205486334009,0.5713332345304154,0.49095270001427216,0.42140660293285265,0.5148288661522648,0.4479033724607534,0.5196207563021165,0.4814233929812261,0.5333064758685032,0.5752566409245128,0.4835994917440475,0.2618157452933426,0.4926368673369906,0.36053676154933983,0.42120884639628836,0.43677001269371607,0.48224322197100244,0.25258602173725675,0.5617928747272121,0.4979191067815301,0.5109040968801929,0.5342147372100656,0.5038616120726865,0.514562019032023,0.517844892711596,0.23293649336109942,0.4441809178807607,0.561378151001819,0.0834228245154396,0.3377003278981674,0.566358122729013,0.4828773371259921,0.4898017925951703,0.2861801512354295
3272,-0.08216441392075542,-0.08685550729049492,0.5359376739442202,0.7939508430246575,0.7837560401833166,0.7688743435041769,0.5913471484394157,0.7287267615035871,0.6020334206372139,0.5401764587377395,0.6517215341061716,0.7120164083893957,0.12282964818106473,0.7222332336435521,0.4451368334506053,0.6797976184133997,0.503193259658266,0.6247406552917959,0.6429149478512916,0.7661614182875779,-0.046246996636911626,-0.20218234715117886,,-0.09629795455497259,0.5970186406887332,-0.11709141435424786,0.5873831121250848,0.559352403889121,0.7392627036491498,0.7825380680116683,0.7447592807026766,0.6160162180172064,0.058750419138288754,0.4701468265429592,0.4249286805085967,,0.15972833770614847,0.2662307712655808,0.29017724825643815,0.7280543767242067,,0.5269724855692876,1.0,0.22172294967382972,-0.15427716339839814,0.27620366940499924,0.20314616860658197,0.6512271225162468,0.12994039240460128,,-0.17496266712159073,,0.12312609430044172,0.44764039475920847,0.3678526520227813,,-0.09269703103850284,0.05771963687598536,0.719425521295284,0.5597945559037987,,0.11748817070105724,0.2085487147446426,0.23930175588559457,0.1116595824353874,0.8070259793002114,0.6538796361477316,0.600534224478922,0.4852995932163925,,0.15522989212574517,0.09815710227455793,0.07160961004232239,0.5916458381557027,0.6711142161335414,0.5888577183225188,0.6984401728770947,0.506811961055253,0.3111804453324788,0.6724280305053666,0.5153461898099102,0.6536432341132523,0.1106889652936933,0.4797422042565891,0.5612486179824976,0.5195233923179046,0.3702681512416731,0.18661546595250308,0.6289884881149351,0.5062230382637575,0.49034836275423965,0.5028264148309951,0.16076827824458065,0.6762922112598313,0.09729118806798454,0.4735590382561779,0.3200763558521686,0.4422534402519302,0.6484191482620771,0.031869971406683906,0.6828030535414973,-0.12777864900091354,0.4569369025996011,0.09245994447627805,0.6791544315644936,0.33688886457643813,0.1537733449138466,0.4044286510604681,0.7341657637005643,0.514442511175297,0.080867661328756,0.4807838455784451,0.6250613160643634,0.5183262981680485,0.5416645267760313,-0.1972444852375419,0.00399415122190864,0.5511474308129072,0.3203406700727386,0.6045011923100316,0.5690313984458876,0.2152614517725436,0.06599434123429812,0.7540709309959336,-0.3347760795398797,0.06110363377941999,0.6414199301124122,0.5916719470283404,0.6498443977190991,0.29638783744884784,0.37357107901401065,0.7112402647716716,0.7230176015858566,0.020596798916444007,0.48559046232470415,0.06703218824334664,0.577723053560258,0.12282964818106477,0.647575807840713,0.43208036822434004,0.6817903139236647,-0.017502793931585756,0.3367194394786704,0.5548041281292789,0.43364756497286816,0.22445901689210443,-0.05873200804443872,0.3405068686863571,0.2780321871440776,0.7118701204609121,0.6249874253879723,0.36693514396601884,0.6328254118593406,0.659727374666597,0.7132089911154357,0.5506229856264918,0.7102056844810488,0.694232935686668,0.6747181413694431,0.6095559023365572,0.6461328412378632,0.7405706562226695,0.7969246094571326,0.6322151126793413,0.7065963549789426,0.824073451340242,0.5721379080735047,0.27039799180626867,0.6175952018789542,0.29160708653965123,0.4755176205763136,0.5305940203919705,0.6985786395304115,0.4771313342183924,0.6912371677504136,0.6325839528633063,0.65411994293246,0.68544897308522,0.5858226125000382,0.638470878193369,0.6659197520306889,0.20894782992933264,0.5776416262711886,0.7196370005305042,0.04535301589687347,0.4158163528535486,0.775329937493198,0.5851009985642474,0.6000619874774824,0.3334477024545599
3312,-0.40546997607473895,0.14732301826563354,0.2760570281732261,0.21968603748273496,0.23941961447824975,0.19300347239534318,-0.04697581119883789,0.09389135785203949,-0.038421923257541124,0.01151303612411668,0.031145505572677236,0.07625151100056307,0.3939778593261303,0.07548648599794243,0.26799314346048303,0.04580456530219424,-0.08582356359244159,-0.03602021664348944,-0.013267470600597244,0.19207710480866233,-0.38826366365376513,-0.1969495798108135,,0.16138412881867578,0.28965861593005293,0.024528505822592146,0.35786011404994345,0.24057647941911164,0.1282035486429584,0.17969841745908421,0.17966884323130475,-0.07131806492353797,0.08693900563570717,-0.06417113927809494,0.2624447026509345,,-0.10632035501845628,-0.15642381219255763,0.063059556258014,0.09773251062090266,,0.18744281077765576,0.22172294967382972,1.0,0.23358139287003543,0.23329200571938588,-0.08468347742303944,0.32232461306580784,-0.04885694255127365,,-0.20007239592471576,,-0.2865674695863711,0.12512278022201415,0.17151470710343608,,-0.12622875280713078,0.14280374305628898,0.46374958149800527,0.3201315649576004,,-0.16813089412055868,-0.16159865824237094,0.07089172308510448,0.29776856214468145,0.26885528065242065,0.14803825935600753,-0.026437758136299963,0.3801837931851715,,0.15635815284636895,0.047800112476729495,0.021232342018259097,0.07513932011412314,0.29584496863432785,0.011955854950019617,0.05189748575122873,-0.05362636459526705,0.11345067803843019,-0.0016099576135483321,-0.10904317846587111,-0.008603985533226995,-0.32241036494907466,-0.09115551792134965,-0.09834078286498672,-0.06254941406155241,-0.09734361061092342,-0.2889272795947457,-0.009255816873397884,-0.0510489987331237,-0.05163874473790678,0.26426244609834554,-0.08229540098013084,0.026136209335434583,-0.1673007392128055,0.19546200010726497,0.3971954072258733,0.045918117864785515,0.018708850525237432,0.0474885310648445,0.29552328384827864,0.02657601451936041,-0.01113860571865473,0.22110729040082985,0.02649067486791915,0.39864173035237566,-0.12327026343153148,-0.09251342133691447,0.17891830038202705,0.5259909436530138,-0.02334707853183755,-0.07676728095394113,0.05168901137112792,0.05069611958791664,0.29325136307900035,0.18371815257709267,0.016585138040029406,-0.09006991224536434,-0.19627912849365242,-0.02847056729683882,-0.018485696181464447,-0.07903050585936958,0.20252782489889465,0.20198213166219428,-0.20698885108500448,-0.2955325035232256,0.027653378626986056,-0.02494642114612036,-0.018819687683917306,-0.03966670832712418,0.20987167894531022,0.24802389195001281,0.16494842310793495,-0.10685265983084773,-0.006820747336928434,0.16215488066075415,0.022001703786095325,0.3939778593261303,0.35463292625090054,0.37679424778045784,0.009473034562413335,-0.046278931878917295,0.25446927984543116,0.32772080948175547,0.2427530547597733,0.2772531917163363,0.2588129613230167,0.2466801838580526,-0.08280153296186404,0.22575700100874083,-0.020549657142315096,0.20262455999147966,0.013600084949364724,0.027235737347297326,0.05845783180142006,-0.020204161237486962,0.17661628781638006,0.08420829628070756,0.043683298898609405,0.25958802211907483,0.029009201607052604,0.15454344547080504,0.23197198144610598,0.039099676231264924,0.25415060424967617,0.28855040401900767,-0.043583283076480885,0.16636667238985756,-0.012867220446367856,-0.152410396982242,0.13593528556008833,-0.06353381345014678,0.38697025351998493,0.152968432326345,0.10310217028213162,-0.03275484814633529,0.053448172183328216,0.04275514525045579,-0.017991118657467584,-0.034008645856982773,0.00021909098235855718,0.05084102290496556,-0.008818010416002393,0.17704527351591265,0.19773137630004298,0.1096441192891899,0.24017908297712132,0.0997381288498282,-0.006026777071663868,-0.18516174515659686
3313,-0.3779105646228208,0.2961302642055915,0.13385051574757537,-0.15877182593238512,-0.1299194501860124,-0.1043850017290375,-0.28058968756043784,-0.2311067657228549,-0.3128673315522999,-0.08865166485803837,-0.2225451217823267,-0.24225860537525631,0.5464982879918266,-0.272699193335586,0.23644350854587481,-0.3265906918167941,-0.2679378102902735,-0.365372848899857,-0.3377418906763102,-0.2090231233747863,-0.36951642047711514,-0.047053311110969324,,0.2961302642055915,0.14809386670605235,0.08562524455691957,0.06722290042020765,0.14136032559979378,-0.2822450962927647,-0.18428387062991225,-0.1610358901891988,-0.3529577100619832,0.044324465859504204,-0.23351731540301823,0.025144343796499213,,-0.024164592523729878,-0.23197495879924632,-0.2402512802741115,-0.24726953475292976,,0.13503184637229734,-0.15427716339839814,0.23358139287003543,1.0,0.1934017227333095,-0.06810172563283726,-0.032902494456969564,-0.08684965817368843,,-0.04680466673690064,,-0.305268683055978,0.05060294067575005,-0.005560300785543501,,-0.03375560377171858,0.28319317433520047,0.1054557095524772,-0.002979172483833239,,-0.20809576907198532,-0.34635876196933935,0.12757317183935638,0.44114575872764905,-0.08298239445046778,-0.05110025011348662,-0.34538246176900295,0.03331290814419178,,0.23885981379075433,0.15285563481905673,-0.08864864719436,-0.08708372917196976,0.14949534831162398,-0.19063476312933128,-0.22361919219103762,-0.140001653909634,0.26264352689606424,-0.3001339525767164,-0.3108952940647973,-0.33577655589731464,-0.27383485655846396,-0.2996357886548862,-0.35402129261813364,-0.24915769400320872,-0.23355639246035076,-0.2875769406231166,-0.30747566812001853,-0.2604182230875197,-0.2389433295522013,0.08076389860077039,-0.1219143567115197,-0.3642648627242235,-0.18631750534744773,-0.10912458617864396,0.19310340718696908,-0.3254911370093152,-0.27758088685717036,0.24201783359828008,0.08632120377894588,0.031851490715614064,-0.02517215205530125,0.24538195134545668,-0.2937396802986923,0.18738049674376428,-0.11985502375183295,-0.26479801175042916,-0.14130158948151253,0.29819674512969346,-0.09418787886979682,-0.2602801288171359,-0.2510778237010809,-0.05608886236797738,0.13076970391628828,0.37922789293347114,0.21265046851540498,-0.457603349483214,-0.26280353656418953,-0.37916561229885026,-0.17616984039901512,0.015022090186363177,0.45097809923113436,-0.05187547528849844,0.10652270686193269,-0.18041155559478037,-0.23508918548312907,-0.27966890722904647,-0.3156833054052156,-0.042662161862633864,0.27974393224024763,-0.11411676678239402,-0.14865242954225155,0.07371464901232196,-0.06042392511440112,0.035233243812552245,-0.16183446091397444,0.5464982879918269,0.11222193223139093,0.17125028543492485,-0.33067520366228004,-0.03693501071607615,0.08546111538553539,0.077216229114105,0.05646046684905933,0.3614130728987909,0.5333224743719368,0.2894035478405987,-0.1876174480652092,0.03932294724008258,-0.3452205279303426,-0.07578871243331081,-0.3464318435115664,-0.29762138761964957,-0.3527509814243123,-0.2713966256164605,-0.21289399019540386,-0.1930433498522765,-0.37652362405879575,-0.1800560055464942,-0.33138515408209557,-0.37822959481485,-0.27534344639858105,-0.40360262200720176,-0.19672391634990483,-0.12835404708832576,-0.2708078254898091,-0.08050611607198407,-0.33845261847933045,-0.0597275416163351,0.07539583946730931,-0.3192225860261456,-0.09337728939464356,-0.30713286636374637,-0.23532688271898028,-0.3624035443651421,-0.25709610149758416,-0.28360911783443793,-0.2585834838992643,-0.36544970201210114,-0.3636881741403996,-0.09741989280649249,-0.40270760022357593,-0.1066458152326962,0.2225498158790714,0.0777751615120758,-0.17942824500368332,-0.16592553956583211,-0.3024647852048234,-0.3164374537771176
3323,-0.3954990644216525,0.27041219813260076,0.32121628736446134,0.28360955877901073,0.2665309369721222,0.2620168778754105,-0.0008870757275368615,0.1418716823795255,0.01692044574838325,0.015017691139527826,0.06333771214049431,0.12453664795330376,0.3598909238426369,0.11403294144405247,0.31011634056097936,0.07788362081463138,-0.10938682086732278,-0.005139943626280082,0.02708547208089923,0.17932468529205042,-0.38234584101802566,-0.12630531513050636,,0.26709650919963424,0.3513887604294006,-0.00782842971327501,0.4452181137059387,0.38207878023670727,0.22440594519093035,0.24463921824277163,0.19402161917016253,0.011511255134970842,0.13749347117775004,-0.05619837286511651,0.12819430779160917,,-0.041511318128066584,-0.0929505321258717,-0.1766143800427131,0.13080755495282284,,0.18037904101657087,0.27620366940499924,0.23329200571938588,0.1934017227333095,1.0,0.05841533901598888,0.3518525101325631,-0.02796076080400324,,-0.219436596407703,,-0.2776431146462074,0.11310637445528887,0.1804518991598644,,-0.16940842574997877,0.21950279603396225,0.4688649151964308,0.2158478188978529,,-0.18395347416950208,-0.21470016335725908,0.2507148846165604,0.239583676164966,0.34470083830604564,0.18095873306022225,0.062179782724398794,0.35206666295784605,,0.1194691288621774,0.0031787412686594837,0.0631703560428468,0.060519644658933246,0.36286786433649215,0.04557340507949269,0.10705539148620663,0.004188360666205659,0.039279587105931324,0.12085019949152595,-0.057665983886227845,0.0596278746308547,-0.3388516672455004,-0.07795952956799249,-0.05811342057194028,-0.035520778308618085,-0.11842802045672986,-0.29743890472232315,0.028480759911785412,-0.06126018205584685,-0.046931298079474625,0.24533428929806672,-0.12931402014996438,0.13721468663847025,-0.14176892699002583,0.23986378544877932,0.39852717847770947,0.13054586065982351,0.038677629728328285,0.10715832455880595,0.29383530643652717,-0.11403242719405815,-0.05690241590195949,0.03946587517447667,0.0707663107510069,0.42716637642914984,-0.052941960080025434,-0.04243055953391,0.28188983089056624,0.5277691545924399,-0.017612301299685267,0.008881517695608692,0.07699863934859254,-0.006351429028873733,0.4801362108149819,0.2214399198487547,0.024636758816756334,-0.05349297371557478,-0.2151657832407963,-0.00041149504832414986,0.04415436471435124,0.0019318913192439679,0.16365461065413747,0.22557063333477972,-0.1883661982334118,-0.3663742719675794,0.07614202368742393,0.030213543243180627,0.07887272418686618,-0.003984719410916212,0.31570878623217363,0.3384842167415644,0.19675235344474817,0.014414004441539768,-0.002925508755632707,-0.01225174695567051,0.030565253840200354,0.3598909238426369,0.3118522678215099,0.4937266091237044,0.04773129650455161,-0.30758080377769836,0.22597578779970914,0.3848783531587242,0.26467708677258023,0.31607893285049493,0.23826929852719372,0.27578350711578115,-0.04120959429276955,0.2975606410946415,-0.0015520293741479087,0.14236672384400811,0.03421309025254423,0.06988971251998556,0.10252091646053178,-0.010426936170651295,0.1954138685935058,0.09666349231384457,0.04697587270858664,0.1540740940147472,0.05089829980903568,0.19011441656783387,0.2604680113487373,-0.039173287453861574,0.27879888666782693,0.39743795519383,0.007876654810605016,0.17200505815736014,0.0027762814807499726,-0.18272555037634644,-0.04116037545165038,-0.031748502372692,0.37591039198170495,0.028853844266636737,0.13744191865374067,-0.004916101431525509,0.07349315560916769,0.056371532162340976,-0.030138962264395008,0.010440150200212096,0.039844795914452016,0.010092305810226911,-0.050222550285323686,0.2534743746212375,0.07990811805512862,0.10149354515246638,0.21676171215366025,0.0024590203742264325,0.0359756473887074,-0.22224899188488462
3325,0.019748444428438972,-0.11129851883425741,0.08798774601442301,0.15359438918135862,0.14369682371031747,0.1447189807804173,0.1343575533769833,0.15465595464559903,0.14394290477599192,0.10935349733336734,0.145909035562492,0.15069309012164436,-0.07711947439932669,0.15971252132526015,0.197900308564103,0.12931378253675244,0.1297708223477792,0.13529598195104744,0.14015021051586035,0.1451153512093691,0.03843310327441336,-0.04074330109609054,,-0.11023830862255948,0.10807681664295707,-0.0819199641952158,-0.019204513346545386,0.14756171466055804,0.16036236884916416,0.16563241735590065,0.13099334699547374,0.1529856818958221,-0.011263243204104292,0.12244612124563346,0.004446189657075939,,0.09000992210752545,0.04714467206918304,0.030068656615419666,0.14964528284994516,,0.16400172435537538,0.20314616860658197,-0.08468347742303944,-0.06810172563283726,0.05841533901598888,1.0,0.139466824346927,0.025339343844618955,,-0.017254170258491283,,0.11798203070614313,0.009876881412213911,0.14477581530118627,,-0.0621264595412379,0.011491574069068264,0.09072930862150576,-0.04621918719503409,,0.05592246062909158,0.04396272706511643,0.023811179265322176,-0.05815698530991962,0.15237100104920104,0.1652369537331499,0.05222593402797305,0.09984924879108745,,-0.01083299479687271,0.04759268266286096,-0.099429966741047,0.15390660063637632,0.16873064344708844,0.12842502175344767,0.14582647678426455,0.1400833567279198,0.11791133568696355,0.14212945283800532,0.1354983348945977,0.1264795936388632,0.08137244845477773,0.0971200164857699,0.12567524445013897,0.11487141404584239,0.08360418526275812,0.0457088667694071,0.14900436291233654,0.09950976379072622,0.07273077509670992,0.1157386356312554,0.032030855572933885,0.18511312492095727,0.14075613326361341,0.05259753400213887,0.031284875734003764,0.15148761918567077,0.13494557719680833,0.03890450544522284,0.14955776646223443,0.030197541098341184,0.0845022933897046,0.1825451650606403,0.12888645749950262,0.06601504476534109,0.09582982499345788,0.1414601842444978,0.13099202616999403,-0.0015918631194229212,0.024640701448330964,0.13162248286114092,0.1209952134736133,0.1533308268387416,0.08661326909381921,-0.1173150356056761,-0.046846883250011025,0.16486682093929053,0.12119890154458968,0.12684449844064988,0.10434805812606565,0.07530291090283561,-0.07912283974277536,0.11573229121909927,0.019648315563394508,0.08769274498546509,0.1349516770785388,0.1787922276498439,0.14802863317709278,0.10768912530538664,0.07081459021231241,0.07197192794230561,0.10614923578001415,-0.0024114195385636296,0.12489069815731285,-0.07726036820708192,0.14545727596367125,-0.07711947439932677,0.10879214564779237,0.045596471717238504,0.15999792796898465,0.06767556880674913,0.04400369289836642,0.07292743456019639,0.08821054219756695,0.1491030279180865,0.0365437632287074,0.1965301698098522,0.09469809396947433,0.12794117643251096,0.14919482394651393,0.16118344918922994,0.11439129274098236,0.13008162627066144,0.1393205238517686,0.11879181011098568,0.06319894150865944,0.17000763117380183,0.13130692790762355,0.05801433655247096,0.12275075296201278,0.1471172751057052,0.12401164876941381,0.12591701955757637,0.09851620556490477,0.16710397012752107,0.1626426949959115,-0.10020810961762291,0.13755301139812764,0.12973411884266706,0.07691217927597428,0.09467132297718323,0.03923002263780728,-0.07782840441224238,0.1289701862822646,0.15078804947794797,0.15905923896641777,0.14117128854128785,0.17529568841795065,0.13851713410050573,0.118805373932447,0.08489992204946807,0.09679448229335505,0.1485867258349435,-0.00823391189227947,0.16970515080561302,0.1391577103288391,0.1364485517440958,0.14131073314539422,0.14596579336510987
3328,-0.13082069983045963,0.03711521728390355,0.5255597377272482,0.7086822994323851,0.7042019398443515,0.6463632428667276,0.48874215316379693,0.6271263091663324,0.5081772361615031,0.45111990160790355,0.5791587313965522,0.6240133364021607,0.20829704225900297,0.6218652002098579,0.4130416681870776,0.5804182342175304,0.4581305443355816,0.5145739472117634,0.5381641908178422,0.7030457434827756,-0.07884438538732878,-0.2066831270727555,,0.04359725309037121,0.57283598612446,-0.07474368952940064,0.5081157266939115,0.5257240385514376,0.6732455365914054,0.6882944656302962,0.6643343998761576,0.48600064444365615,0.014267989504529626,0.40406998138818306,0.351758539231531,,0.03460897135651887,0.2535455564103039,0.2331046549625942,0.6297920733151052,,0.38856315101486666,0.6512271225162468,0.32232461306580784,-0.032902494456969564,0.3518525101325631,0.139466824346927,1.0,0.03030384741864257,,-0.2280205212219653,,0.0536746537910035,0.3558550189981929,0.4189329966233539,,-0.0709004059612116,0.01397923716253095,0.694149311529172,0.46441325691862834,,0.007553523009408944,0.18511807724157978,0.1554913535666171,0.13866825152575646,0.672115799802328,0.5873988063278258,0.45561244407364093,0.5180179750517349,,0.21388397810295695,0.03179677366723633,0.12292859356519091,0.5478256736415539,0.6693812953315903,0.4952387572329303,0.5846480856774048,0.4522630877175296,0.3199151469823552,0.5614430462298247,0.4288796248149192,0.5350401430998443,0.029067371532522965,0.3926211357039127,0.4451351486127518,0.4368480366396698,0.3210804130418535,0.08410664787012492,0.5437876054581263,0.42363974496529255,0.38548932288015486,0.4931945808444338,0.1892469113063701,0.5774062280368873,0.11055247131069214,0.4856431987822173,0.3229416040767656,0.3583748785401274,0.5198966627614066,0.14850305027369676,0.617544291572249,-0.040525279091922155,0.41229016065580476,0.1896310245929393,0.5854751832568242,0.4023323037331838,0.1437589799266635,0.3097287379058967,0.663051386664429,0.5480403179028297,-0.05193356307522964,0.42803930200586643,0.5782169937091706,0.43968206940172,0.5484368534265782,-0.1124331956250337,0.048419762781780874,0.4524574424621929,0.2373946845109065,0.5242916009529449,0.4709056152107224,0.2631061668411203,0.016876336951815552,0.6420380227727855,-0.26370006292836556,0.032204952624541906,0.5807316405014213,0.49828877490157086,0.5361953362323324,0.2403378802244361,0.40147212477629957,0.6724744751742467,0.6471336243283932,0.12869441422614014,0.44817572469864103,0.07404468038069732,0.4912958732884514,0.20829704225900295,0.6426719230755333,0.432755348362339,0.5741873898590142,0.0026051078840374363,0.2935600904090795,0.5523818413942488,0.3595562223605272,0.2268968200020605,0.00656775792110273,0.32505972418571216,0.2309616156803374,0.673397155323225,0.5214190716875221,0.24683863023460947,0.5407891979615644,0.5536401708825776,0.6118668868251432,0.4793533193540557,0.6244266237084392,0.6088709462411309,0.5777685262259391,0.5750595311033296,0.5569060754678653,0.6317676546534906,0.6862302231926782,0.5155488505739273,0.6406587903642209,0.7305406373486992,0.5173004254473379,0.21669985002221223,0.5232536570494534,0.32931169940556027,0.5193942902054568,0.42926950707034744,0.6748327590736993,0.3686493171205312,0.6291861339849409,0.5176013341879576,0.5739959401891442,0.5817336691668445,0.5007709103570825,0.5269313385077915,0.5606351800760521,0.2422283510466557,0.48466618784811827,0.6485915043407893,0.19388150076450206,0.35399013848709737,0.7278493675308022,0.5459616719231687,0.4934252914324375,0.2778709036418963
3329,0.1717872290593471,-0.1992310170188889,0.03001700066088828,0.0760003297746763,0.10843990007267015,0.06267507471026483,0.13144246291785555,0.10744692940208152,0.13593984641433915,0.10203405523214348,0.1386884000663757,0.14825670778838168,-0.12879047752295802,0.12410350222997393,0.06794599696607048,0.1155423437549634,0.15002492239215864,0.1428535449057637,0.13642769595259532,0.11658295165294226,0.16043274524095716,0.07443423563861633,,-0.202847632819035,0.008706931073072986,0.08090136746232422,-0.09647096760238867,0.034178126061889635,0.14182303761681386,0.07330957305629796,0.12285938549690706,0.14805019331004712,-0.015440375360114245,0.12994357569407292,-0.06328399643226396,,-0.014085709606945905,0.05577109402959376,0.03183884441933675,0.12384479658958965,,0.11287720853814635,0.12994039240460128,-0.04885694255127365,-0.08684965817368843,-0.02796076080400324,0.025339343844618955,0.03030384741864257,1.0,,-0.02867693123808117,,-0.009669318839964514,0.053239399487177985,-0.05586445444712001,,-0.05071174766409358,-0.10867187880096475,0.03497956084352155,3.0850114892171505e-05,,0.06293183820743849,0.1521496778312315,-0.058623096950379795,-0.1718103804808855,0.04337874705874147,0.056460621514428426,0.12729474321768733,-0.07189715785117808,,-0.06539247750811578,-0.05607842703024377,-0.03927948146425079,0.14732855764520655,0.06527073461131822,0.07168204761510741,0.11348461366332502,0.11848902896947053,0.07006383409514799,0.12565608897423555,0.15358766822164752,0.13412079318812326,0.1819224878520835,0.09589510956123226,0.1661807869229494,0.10200669406499766,0.024698846238807276,0.10235268830794199,0.14546371961336615,0.08908074840919813,0.07545036872566317,0.026765649234511357,0.20608013804055983,0.14577097728308003,0.09322746545278715,0.08777438287858769,-0.11719617678658976,0.11699820847247228,0.13643025824568566,0.06845265144179882,0.047455579844840716,-0.10382094384451764,0.06758848136694864,0.03467906772463102,0.1367478629603544,-0.17022001875219306,0.07887273372602902,0.02682913489555118,0.04695002428483273,-0.07105114814115862,-0.007704755900655129,0.08668585782530516,0.11515060149859706,0.12720282083239953,-0.0782522595763331,-0.17232632743203655,0.02809426400818488,0.2021547733218623,0.1673282852015865,0.1645839643909247,0.12720680977193988,0.058439779395366376,-0.11724094564561378,0.03929310228831031,-0.036411588095617536,0.14788908810862417,0.11677005925143001,0.14877366632566225,0.1361360152492029,0.06094205057856625,0.0166486947482712,0.07782344426509895,0.12724294521665563,0.25232747051435556,0.12589232565215722,0.006697439858496754,0.12642643963319403,-0.12879047752295808,-0.0007065813477982695,-0.12052641636334085,0.1568055388329659,0.08442407987767044,0.06791045194844136,-0.006919182007089746,0.004511985300647468,0.031126790903335456,-0.09192198401669559,-0.0054943963715295835,0.12047438113492373,0.09552657478307187,0.12830982161839746,0.005094745277288769,0.11439776768747942,0.09423221506865578,0.1138501611565883,0.09618645950784992,0.08113384416931016,0.027407833547339232,0.14273204237879344,0.059298745209800434,0.10955018697809331,0.16234089162901236,0.124835067995903,0.0895362171622263,0.03938654291813098,0.0944832811372113,0.16803319220112783,-0.12367888124007885,0.1443606947043268,0.17109057891989002,0.04000387148376948,0.14338565556879895,-0.032538738815979976,-0.031421656309655654,0.10144870528284783,0.14672188251373966,0.11977457771686634,0.13002546780157528,0.13296593146066824,0.15767018055427204,0.1431403926390635,0.01831857161778776,0.07406649724705254,0.11949739567129763,-0.10137549957666092,0.14052005961743744,0.10935055651735812,0.07232635076895699,0.10842789141010457,0.19411777740310845
3331,,,,,,,,,,,,,,,,,,,,,,,,,,,,,,,,,,,,,,,,,,,,,,,,,,,,,,,,,,,,,,,,,,,,,,,,,,,,,,,,,,,,,,,,,,,,,,,,,,,,,,,,,,,,,,,,,,,,,,,,,,,,,,,,,,,,,,,,,,,,,,,,,,,,,,,,,,,,,,,,,,,,,,,,,,,,,,,,,,,,,,,,,,,,,,
3334,0.22304841039902296,-0.029536063711980514,-0.18507697693626332,-0.25533122625079824,-0.2682293406666392,-0.2301486460450754,-0.12526437504586863,-0.2081222837610248,-0.17185886438432524,-0.08089266685802665,-0.10964359212430007,-0.17876705427526132,-0.13178108395107435,-0.19863146167200338,-0.2021686133222385,-0.18820744213387788,-0.036853498778055674,-0.13188214512954613,-0.13861675840070667,-0.22162950098244183,0.2021558142983673,0.115780331610158,,-0.029536063711980514,-0.20036886687293068,0.028656077758103374,-0.22661812333699918,-0.2443017190455721,-0.16575684812210514,-0.24660639895776162,-0.2259783291237343,-0.12509134281965553,-0.01155885047073565,-0.07511567206916794,-0.16596067533545633,,-0.053128835674600236,0.07998086777903451,-0.004831923846913546,-0.19365832802674576,,0.029510494311660383,-0.17496266712159073,-0.20007239592471576,-0.04680466673690064,-0.219436596407703,-0.017254170258491283,-0.2280205212219653,-0.02867693123808117,,1.0,,-0.0744812899732866,-0.06726054433325615,-0.2186300630855265,,0.07073898672429725,0.00046331445046639925,-0.33376886045109955,-0.22518384912284933,,0.0571422621767753,0.12151111637288507,-0.07749178675687984,-0.08143960570247707,-0.2551551867668366,-0.19684063243989797,-0.05698436094583031,-0.2011541005069628,,-0.14317765837234642,0.018694857634095275,-0.02353223722041433,-0.05545647724898369,-0.2705887445337773,-0.1243828685229964,-0.20515719404051336,-0.06795791098722309,-0.0143404093536083,-0.17846789268324512,-0.07175593278225964,-0.1635537184484487,0.1856570834681673,-0.11127180496190252,-0.10573158659273806,-0.1339626281861935,-0.07786850856281369,0.07144930555602526,-0.12923544125772612,-0.11111990733719151,-0.13094060607413324,-0.1098529071702496,0.06444087687704238,-0.1627234169107021,0.02630620958771082,-0.2532508328534325,-0.22998701208599795,-0.1124620121088969,-0.16814053480325192,0.02668416908864384,-0.19888284312026144,0.048305325023955493,-0.099667238500992,-0.03150903777654598,-0.16427417292265478,-0.21456239924810824,0.22378743209631438,0.02718291459081593,-0.2909033412773221,-0.32407117052715745,-0.05935218428404073,-0.07453640042399427,-0.1772234696815329,-0.2054017043451167,-0.32779177750560695,-0.07179252261911423,-0.06998117970928498,-0.10216100131862459,0.05180435715293965,-0.12671789494833857,-0.08166982240631851,-0.031207995105446373,-0.07583837096549305,-0.22460355232788942,0.16716759116170601,0.20593843652877444,-0.0897419281093936,-0.07221138991569359,-0.12375747781087294,-0.17333466223951605,-0.169952394268753,-0.24343407956097185,-0.1893393929681181,0.018876060294567502,-0.07382489706394048,-0.09373468330929649,-0.13964972892056873,-0.13178108395107438,-0.3154854327851279,-0.29960297036440636,-0.14238700066277277,0.12685098837965283,-0.2025467463894211,-0.23726470761030172,-0.14197428844311183,-0.16901949720352527,-0.11906841620408787,-0.18203019480241237,-0.027639150608936448,-0.2522060527360742,-0.14167672280575364,-0.22944030462118606,-0.16529284559865065,-0.17863207430480685,-0.20537835001994081,-0.11736796174795926,-0.23762533886100534,-0.1954024185615328,-0.1886711613730418,-0.243601382331092,-0.1807852649451148,-0.24868936954248258,-0.2575722034018687,-0.170177539676357,-0.24217414951570362,-0.24842784835410434,-0.12782574710391253,-0.09205629080385809,-0.1395341990693367,0.093229556031159,-0.007916170018364635,-0.09435995146403513,-0.27053820985617144,-0.14276718026150206,-0.15950150043492198,-0.14552076889680285,-0.10923614864794821,-0.19286523285067636,-0.06962353502665013,-0.1248773837376663,-0.1411057829896587,-0.15109149307856698,-0.10790702423333624,-0.1691399921407809,0.004363706444735288,-0.13424037372545733,-0.22628673482774145,-0.21082824826261384,-0.15408027193589757,-0.029202828962017237
3344,,,,,,,,,,,,,,,,,,,,,,,,,,,,,,,,,,,,,,,,,,,,,,,,,,,,,,,,,,,,,,,,,,,,,,,,,,,,,,,,,,,,,,,,,,,,,,,,,,,,,,,,,,,,,,,,,,,,,,,,,,,,,,,,,,,,,,,,,,,,,,,,,,,,,,,,,,,,,,,,,,,,,,,,,,,,,,,,,,,,,,,,,,,,,,
3345,0.49125844579506395,-0.3558788077245261,-0.051100921535793674,0.3451553038287451,0.37165393236933647,0.4146773085217502,0.6623231423089768,0.5095802760760585,0.6364567479506524,0.6145883837696666,0.5548133779628199,0.5139576845795577,-0.17772442590600868,0.5115009222432177,-0.08577970249852773,0.5486339562837992,0.6532187619517544,0.6112687651521292,0.593842050350076,0.3628051201511224,0.4611535732336008,0.2501638851564089,,-0.3558788077245261,-0.05375938664130929,-0.07040195215526757,-0.17869785124567256,0.05120129511042073,0.3789636662215224,0.38712276143588176,0.4085260612846366,0.6402370140782803,-0.021264405242942184,0.6892867027056118,0.12811817237271078,,0.5338621452936512,0.6759651616970631,0.3743170168287782,0.5051832015174459,,0.19726518604539825,0.12312609430044172,-0.2865674695863711,-0.305268683055978,-0.2776431146462074,0.11798203070614313,0.0536746537910035,-0.009669318839964514,,-0.0744812899732866,,1.0,0.3234383253666345,0.2214417149071066,,0.6319100741810011,-0.17539486983325067,-0.041262564896243505,-0.07500363486234682,,0.4474898590226707,0.36467578739552886,-0.20934858629214437,-0.06702466438670521,0.25984262305882355,0.5208826134151399,0.5206421055737898,-0.16291589664832554,,-0.031171356189799597,-0.1691107110350539,0.03069653551610521,0.48158944479625604,0.18015973704801688,0.637610468940881,0.5615650732210968,0.6565860832113054,0.34033412649966666,0.5504020716452499,0.651649051214564,0.5889686574708624,0.7138094337932264,0.7198042045056313,0.6492369795337866,0.7068930101760219,0.7100284352522805,0.7843394680366548,0.574175432787464,0.7019944495490932,0.6844153480234769,0.06750972018545896,0.3996714081550959,0.508857390357997,0.05349890714560256,-0.03282575206783477,-0.2687302352354258,0.3178884496728874,0.5736253593023637,-0.14669771523100608,0.1581322801887211,0.06938700764283488,0.5953689445388749,0.0777571005224868,0.5256549274473249,-0.19623967079647714,0.17466165099797853,0.5022100970783127,0.3918988199733159,-0.2922354743694136,0.32547219237780767,0.6932421149835577,0.513546383253698,0.5593864541883512,0.1367541761377171,-0.17469364033417795,0.12471452058793958,0.5364619229565205,0.739206372347709,0.5292232249625766,0.6021161416614484,0.5174614054381049,-0.011442972785605738,0.38958636086102916,0.0499825665064781,0.6631294419484414,0.531785917047321,0.5790255262050321,0.5949280694416856,0.48524923357427596,0.0985630688502754,0.24238551853884016,0.4254486775739141,0.06470073060742347,0.5832784553344109,0.05476450674772204,0.6354109511987843,-0.1777244259060087,0.11959309619174256,-0.23283869577753397,0.5295260400364671,0.489449592269055,-0.0576611681177626,-0.0983361916767133,0.04202083556986139,-0.31161538017039325,-0.2316425683537852,-0.1103576473246021,0.4918982758564462,0.2296950307544964,0.6160269956797959,0.2486165870265815,0.5868527159893591,0.5655474049508179,0.5117670782588023,0.6705423713550335,0.4394907738577788,0.4190765287816877,0.5342607272464617,0.19196608503645363,0.5834216467050434,0.22598629942485587,0.2135741042578792,0.5880331098990487,0.25897803153272436,0.054562143490857695,0.5796188723382649,0.05498819316065426,0.5761464399012273,0.5429969835804672,0.39626401326416116,0.6361148192508772,-0.026692331210696203,0.14600458028283397,0.45422918002931995,0.5903104769122801,0.5288997894410233,0.5388772136911109,0.5794324369264656,0.566583976050179,0.5503262264106771,0.4514980727990419,0.6021613053881698,0.220050455144994,-0.21774392002292114,0.15412217035199482,0.28316762709992827,0.4645802450052345,0.6008427925351849,0.6548269080259169
3352,0.06451935651804262,-0.08786169408377757,0.33851463831668804,0.5786609929602676,0.5772909128935558,0.6199281523705532,0.5811466612594488,0.6081132471754007,0.581848829038707,0.582345146765441,0.5823755359598408,0.5978523496920186,0.2303752327578605,0.5850649291870099,0.2769247135711406,0.6039105021560067,0.5005013294941326,0.5531175533655078,0.5642299799042668,0.5692336088393599,0.06328479702008265,-0.0052096970377846965,,-0.09787659401591212,0.39936881875611435,-0.07060041017308923,0.41026869797102533,0.3999798099913312,0.48264981572729926,0.5819436518057898,0.5746737343325181,0.5419451016376745,0.04281178134643065,0.5406443133267481,0.34682540451011623,,0.31178747025342624,0.4953304628022608,0.21147572043304338,0.5972596382397614,,0.5149295161957674,0.44764039475920847,0.12512278022201415,0.05060294067575005,0.11310637445528887,0.009876881412213911,0.3558550189981929,0.053239399487177985,,-0.06726054433325615,,0.3234383253666345,1.0,0.16204827121156248,,0.28161087227206383,0.09196824466179193,0.4016689665101621,0.3421085562827212,,0.13014555587610718,0.1796340558809472,0.061609029315857884,0.145848322911511,0.58528245287743,0.5576142686065785,0.6112395223205113,0.22002679021791074,,0.2284749823816325,0.13948108760308492,0.06956850661047681,0.49856553458050223,0.4617041526802512,0.6165375224668906,0.6237810515865999,0.5378836990741457,0.33466119854445636,0.5624069103232039,0.5291891056140618,0.5911259172628386,0.2655025095928188,0.5943574326067755,0.5312584066185229,0.5980676834658124,0.5582864372376825,0.4103750442897712,0.5486322061945891,0.5870172059276942,0.6040925082407899,0.329217011132352,0.191390371258408,0.5574456819130671,0.015349969022690466,0.21290856545182213,0.09227673661973332,0.20708121711041877,0.5771012551718588,0.061304606846636765,0.44772078623275496,-0.11708531913011364,0.5532068592181768,-0.018333507333693523,0.578990841624914,0.1936442989020721,0.06565889844271248,0.35008631159486875,0.6462178506429183,0.3375313706107489,0.09563415067098568,0.5885867139259242,0.5431321937959419,0.5255221534277928,0.548887445905449,-0.04228314490411245,0.20946466723589208,0.4266111879802879,0.42154065024833437,0.49525983827133596,0.6059310651219224,0.3895468945425374,0.2500304178393988,0.620473188023415,-0.3237299496417443,0.2201679339623481,0.5756253318027668,0.5265726746510072,0.5755375410274541,0.3570110764292383,0.3226033228356036,0.5524784538432773,0.6089208577793265,0.11174522466925337,0.5453205376120573,0.07392133361633933,0.5638981075753682,0.2303752327578605,0.5689170808719819,0.3000535572527828,0.5407304242454755,0.19701083808961742,0.32555027623789085,0.33356872656860453,0.27712111912015713,0.07875906330983658,-0.09997435604875762,0.14944452044381343,0.3389805130715624,0.530773851826603,0.5735657279999232,0.23318008709094987,0.6022068690181452,0.6109402977697151,0.5734088334456223,0.6050977462468016,0.6504787788089665,0.5472124733792001,0.5586694500268633,0.4624156537855646,0.599915735231286,0.3919507745489181,0.46911104556965866,0.4918777197014238,0.48441367599055535,0.4997178179933558,0.5659490320185577,0.2694513702944849,0.551253798831103,0.32977385029304274,0.4420207535780379,0.5376268636181987,0.41526810003857967,0.2217852982603519,0.5702299588974821,0.5608626398654691,0.5041391297287381,0.5844760100589657,0.5142000563033741,0.5486880575005418,0.5674797028786676,0.4088940123731694,0.5221241860457136,0.5583908888743543,0.15243628223325784,0.28631541350119427,0.540926766062644,0.5744721930819072,0.5834248124186217,0.35152482384889255
3361,-0.05745935994982071,-0.05420617728254608,0.3490180518581362,0.5047099589211249,0.5221255169539998,0.4770973750188965,0.4175348088594496,0.48150897383083335,0.4362691808812721,0.38518142076228573,0.4413187603053836,0.4687112429928273,0.14468506615042265,0.4723750499940252,0.25494809063921936,0.4377546678941382,0.395588931880518,0.4242973033875219,0.4253839376971935,0.48011367975330205,-0.02006082724526955,-0.16100690873033974,,-0.05814016846559012,0.3977280666561786,-0.12097996340080705,0.3336645232980064,0.3512500708312991,0.4790776854364683,0.49641575780355024,0.48487231286798316,0.40733145674928867,0.14360921134535853,0.3685262213110632,0.10928730757229575,,0.10857153595400908,0.22537435570178047,0.14469563260278573,0.47341311034692346,,0.2192201106478488,0.3678526520227813,0.17151470710343608,-0.005560300785543501,0.1804518991598644,0.14477581530118627,0.4189329966233539,-0.05586445444712001,,-0.2186300630855265,,0.2214417149071066,0.16204827121156248,1.0,,0.10798037897012125,-0.026568934254412403,0.4823262930721348,0.34819476292247803,,0.1540220070591248,0.14710539939221268,-0.0032015676653208485,0.11406288843777361,0.45492222584088304,0.4425142364953779,0.33846924479677576,0.38740217770920127,,0.18377158589452577,0.06415232917086736,0.3211276210416592,0.4448838098093065,0.45519597310412674,0.41923024866204756,0.47907381721043946,0.40187058915106477,0.18056848911055737,0.46633046975334114,0.3927791576221584,0.4363603377897909,0.11124553375983327,0.36267232099744423,0.39605985634647034,0.3848792704094787,0.3390010511867205,0.212686454029071,0.39939814009746494,0.4057040582450029,0.3594982650466131,0.23986727684718215,0.20881550640527452,0.41413421359166086,0.10780286030268652,0.30955855338040233,0.18937153233079212,0.29782010078652454,0.39161371000070117,0.0955671146373699,0.40836476527758336,-0.11855900485035693,0.3736788368549277,0.13849020488242386,0.443428433609988,0.23423957112387755,0.11080816921699674,0.30982199311638214,0.5100243393366015,0.3787586833479271,0.010165880545427846,0.3676167306177445,0.44184672937409,0.3824261141066769,0.38261725754389847,0.0339601987221545,0.04450037034916498,0.36862259879187476,0.2513750751021979,0.45458273367089624,0.39535873235421526,0.27480861266559825,-0.009551893265268828,0.4775401741682984,-0.1314888900524997,0.08339127995095037,0.4338761886305743,0.40430012001235704,0.42469693427613847,0.2582412345376893,0.23919018351860202,0.4171147761437242,0.49565431679642025,0.10853991551327753,0.39515577983147293,0.0666056452261685,0.39114370767313034,0.14468506615042265,0.48601882791902384,0.17780508042946766,0.4304068139191689,0.09435956535131643,0.2841065015490648,0.3629163033998793,0.2880729304904732,0.10488747592855968,0.03639045685166745,0.22772171945539613,0.20071845387632098,0.4782041378243928,0.40724988374204313,0.22434901848752403,0.41553717718935335,0.42918686206238843,0.45047498732557706,0.39818161556313686,0.4751406335204593,0.4463946835223552,0.43947252619354155,0.4330304079368643,0.42677783421542825,0.4340416302022049,0.45244687006682804,0.3789400754037461,0.45151101506354163,0.4485683015060291,0.389031803781443,0.11339116951978438,0.40787831424078314,0.31305388556575336,0.43201363783807595,0.3893866027805418,0.43013728572014776,0.26634738545859443,0.46643864752493974,0.4115837282015089,0.4312090088350042,0.44730926626851636,0.36927980859679416,0.41924512822059934,0.4285936708545661,0.34485521416431353,0.39853828680554215,0.4104672070046874,0.09797091042381775,0.21563440422063115,0.481216843610985,0.420100910547361,0.38169563896790365,0.22573361461693073
3364,,,,,,,,,,,,,,,,,,,,,,,,,,,,,,,,,,,,,,,,,,,,,,,,,,,,,,,,,,,,,,,,,,,,,,,,,,,,,,,,,,,,,,,,,,,,,,,,,,,,,,,,,,,,,,,,,,,,,,,,,,,,,,,,,,,,,,,,,,,,,,,,,,,,,,,,,,,,,,,,,,,,,,,,,,,,,,,,,,,,,,,,,,,,,,
3369,0.18468606757630612,-0.11935931839359808,-0.14759864522720428,0.23650676302374596,0.20100496697318546,0.3387081890290419,0.4965658913696663,0.33057268678351204,0.41568197218882164,0.5583728456968597,0.40666934725834153,0.3174453201961637,0.05995661804945893,0.32913640879052725,-0.1952675610278835,0.3450555635754342,0.47216250224152473,0.40173003339476065,0.41537974030808267,0.1363605682187118,0.14001680647541292,0.24448195421649443,,-0.12942281387279747,-0.16629601724821305,0.018217875504565995,-0.05777573087107641,-0.006335161087656006,0.22431062461222337,0.25236697636658506,0.3164803503390556,0.44764362171618677,0.0585089953350247,0.5428191511491692,0.2393837205124695,,0.4379032648535638,0.6380728725400947,0.17372755945640433,0.3137873181549133,,0.19277643869148214,-0.09269703103850284,-0.12622875280713078,-0.03375560377171858,-0.16940842574997877,-0.0621264595412379,-0.0709004059612116,-0.05071174766409358,,0.07073898672429725,,0.6319100741810011,0.28161087227206383,0.10798037897012125,,1.0,-0.12470217536410301,-0.13282515139897869,-0.10229004022434025,,0.3883738128147825,0.16287941425327834,-0.20875698746790294,0.16495544222251707,0.2021267251774533,0.43704560591003433,0.3700096746666141,-0.24566703816974045,,0.10224596301243226,-0.19750342660805134,0.0025148196473084384,0.39632991330151845,0.14680557843429543,0.531184480179243,0.38458948096118334,0.5741985253101793,0.3910727338574608,0.37986036479640595,0.4617022820545289,0.41031972465075806,0.5970672147127276,0.5737141411635797,0.37549153376917005,0.5703568918228791,0.6524461081061335,0.6187787932857772,0.4038915261050796,0.5490923520833999,0.5926293990129565,0.16691773233659837,0.22186849197371658,0.25338747582524057,-0.12461367065493015,-0.2617163874665648,-0.29356176634982933,0.10337385532981808,0.3769640504711599,-0.1958279660951895,0.08028199077633921,-0.024043359798618158,0.49489425795689906,-0.0023273785318372897,0.3047561841483081,-0.0658612007117051,-0.020023213893040338,0.4643226713701781,0.2493340649796868,-0.285165037331195,0.24574645322873517,0.5280203675934942,0.357658592657999,0.355912179506784,0.13934039936139117,0.035579463423816175,0.24663015143317196,0.21066897725993194,0.5743109524673693,0.2615720813779516,0.5282031207108673,0.3880955223068034,0.22697236893488498,0.34332532950923433,0.12205144088502218,0.5565578705714583,0.3981303024022992,0.39856402054826434,0.42141884577432936,0.42481504250786467,0.1898786674737922,0.24034725397375936,0.28367481982009757,0.14109478089432323,0.4832188025228106,-0.00048493377886887635,0.4812720524698406,0.05995661804945889,-0.005359866814246472,-0.14321617340047715,0.3239437789960306,0.5659350988072529,-0.2275975729344949,-0.0565265455107626,0.03171676649215203,-0.35155789053188746,-0.07669259132907123,-0.1429534636414988,0.2947309867377551,0.06375350969840764,0.41312755886117664,0.22931917175754654,0.38680436475058555,0.40282113616777226,0.2680457870886088,0.5106923853836398,0.3118244108492424,0.2847668304099216,0.2821330330410839,0.05643720977048598,0.39758771150172295,-0.1214817541137377,-0.046563661284633386,0.3607267746061977,0.10271623813201984,-0.12877703988856246,0.3661846643134173,0.265008628015302,0.37411585802777786,0.4010914469174507,0.3394348618651882,0.44575036560765413,-0.0987942007371395,0.08219024777978763,0.32366277371876734,0.35929287718763775,0.4057177040320525,0.33079482532331506,0.4332692809597775,0.35015791275613617,0.3461069683053052,0.4057006243012084,0.42377125491921974,0.04997315102404898,-0.24513118773172626,0.061271772128207266,0.054743756945795384,0.1872748562529432,0.45437010487528473,0.3478378480548455
3391,-0.21265521836051912,0.17946833548312616,0.15963296676607425,-0.027921522263940016,0.003589446165812235,0.02844455120125167,-0.16181166802410296,-0.08343526428214718,-0.1981506568411962,-0.004901294297921039,-0.10697949330818832,-0.09676182126541143,0.38723639167598967,-0.12257001522399942,0.19654574922618764,-0.1581190336592891,-0.23359416359869406,-0.2303530262999287,-0.20304789929413966,-0.08490559898339915,-0.20600375428082807,-0.04826128549337009,,0.17946833548312616,0.13231997176011004,0.12860026737477098,0.13274649305199826,0.20753629687320424,-0.09281290574713043,-0.04318424601708572,-0.06681021629757897,-0.19891261492121107,-0.12491564478511828,-0.20267865543560215,0.16092283495330686,,-0.06618218658597538,-0.18124842364464566,-0.22521311361562016,-0.10017949025459107,,0.07930061903228035,0.05771963687598536,0.14280374305628898,0.28319317433520047,0.21950279603396225,0.011491574069068264,0.01397923716253095,-0.10867187880096475,,0.00046331445046639925,,-0.17539486983325067,0.09196824466179193,-0.026568934254412403,,-0.12470217536410301,1.0,0.16793455478021774,0.014769786181479056,,-0.1377704299618103,-0.22153121078548016,0.17794997047756758,0.19262903066415518,0.08009805104076861,0.004090854218526223,-0.10644029689443624,0.133252947987987,,0.0755549193848001,0.1753554514194897,-0.10419546545944791,-0.10447339718099102,0.12722331159599484,-0.09952677788450319,-0.08518784393492987,-0.08099027174100766,0.1610281201695904,-0.1461651459528662,-0.18335425339878147,-0.16521554984941295,-0.25952374776868664,-0.20195211361530044,-0.1696497870906031,-0.16994123605706,-0.18809364653493435,-0.21929926508335673,-0.17153242965655086,-0.16330324655185047,-0.16376773531745722,0.04390752377433666,-0.09839431723582866,-0.13482648022472293,0.09161991965793187,0.047392475345907945,0.1636099712829652,-0.17545350360493706,-0.12153230047439026,0.018615808374744455,0.04149988969988938,0.03274240793152755,-0.03278807284125975,0.0055503183181036106,-0.16352513805862476,0.2581310675537657,0.038947019500685576,-0.10131610558035258,0.03668687096503474,0.21572650608173208,0.03566742812062578,-0.17409236496621144,-0.12088730646603342,-0.06148640544505969,0.29457082735407636,0.20861567714615584,0.13245572698920183,-0.3025267907515859,-0.18913309018421742,-0.2434913923817324,-0.05139669664169286,0.04000349612340009,0.409031250501976,0.04706610430040583,-0.022447672088756834,-0.19100991069599907,-0.10994024522158735,-0.19735293136619986,-0.13571862586152497,0.021934079916872764,0.19883052500920767,0.058405779730798385,-0.051832556531742326,-0.11225207670932644,-0.011905910292936205,-0.010514333881225935,-0.03997271429822515,0.38723639167598956,0.10571251079721869,0.2614037494981289,-0.17544415294951016,-0.08321339085825928,0.038906750927054846,0.090149575179975,0.0615061393494337,0.2532854868152096,0.36907697014989077,0.3328782239456008,-0.024949392263881907,0.10274267930139491,-0.21796324821423538,0.019154669005012122,-0.17969804539540563,-0.16211746966997123,-0.1477976715028073,-0.16571455565572513,-0.052322459295717515,-0.1276504119024254,-0.193335179835818,-0.10187787025668299,-0.17718029296348234,-0.13782213033064172,-0.06813750330431607,-0.22823517275409574,-0.03198627759054041,0.030103285911887854,-0.15365084134697515,0.15084625262289464,-0.2159865194692961,-0.16285442564280875,0.006488659135766449,-0.19727434072587455,0.03592351895112929,-0.14343286610621,-0.15041593549147647,-0.2297043719250841,-0.1584910245184281,-0.1603144746273836,-0.1835659581164189,-0.2143792795951115,-0.217198970908888,-0.016210316938914057,-0.24473579633399384,0.030912543283406545,0.07674873594939005,-0.01496486904765108,-0.06335868967639169,-0.12521739611930566,-0.14495209860376107,-0.20594161488802584
3399,-0.31921455961867584,0.17550313643475718,0.7278295748353715,0.7681923808420107,0.8345350520649656,0.721066868655391,0.42697300349917383,0.6450597279043453,0.46364158333543887,0.4688773161503239,0.5366551729683791,0.6331787659690097,0.5216476760014098,0.6132237176575519,0.5643250464523295,0.5371287342876915,0.32111681062680414,0.43947925916952935,0.46853581974592595,0.7277483457623225,-0.26313871527756394,-0.3191837046672951,,0.1790169209849962,0.7731434863069043,-0.081538924411733,0.660789185602031,0.7225247769068568,0.6562607714667611,0.7308169143463612,0.6992012027254338,0.41810430530719256,0.10885090121399456,0.2904080972022675,0.413532403146464,,0.08778055481623238,0.06806845122872873,0.21044399363438582,0.6507784006763638,,0.5115904323593664,0.719425521295284,0.46374958149800527,0.1054557095524772,0.4688649151964308,0.09072930862150576,0.694149311529172,0.03497956084352155,,-0.33376886045109955,,-0.041262564896243505,0.4016689665101621,0.4823262930721348,,-0.13282515139897869,0.16793455478021774,1.0,0.6134995150074349,,-0.13259733434048074,0.05991104035687436,0.27513580716117236,0.2746881523812511,0.7866308871917609,0.636893563638683,0.4008221771650349,0.6821100239816766,,0.2949412568841277,0.11648772348733828,0.25579081428218187,0.4811146279651466,0.7267646541258391,0.4635795871991213,0.5962791125005323,0.349809922351368,0.2973181751947935,0.5277508402875557,0.3358208287690014,0.4992524320860498,-0.19959813373873406,0.31963878577259847,0.40765130002220396,0.36396866715302423,0.23453886577488678,-0.05868547774614338,0.4499602034218566,0.3922450890331348,0.3190197238113371,0.5359694261619076,0.042969218828659554,0.5284830038365238,-0.04039493218608668,0.6806733879838379,0.5781934937495059,0.3070480874884783,0.502844113959004,0.17281878587051366,0.7286567889144787,-0.11648880885374346,0.3783747892394594,0.22391223625983922,0.5488924904358988,0.5901166314800844,0.07607799820871514,0.2844611974955783,0.7575831606070604,0.854916143028272,0.027979396390782982,0.34187063447276556,0.5514699221316931,0.5291915531523005,0.730714921779456,0.059126848522136836,0.08670065004509654,0.3482381015304252,0.11989986488586066,0.48093435100470366,0.46709647081654,0.2781844684032325,0.27236439215335023,0.7333649024122949,-0.3399419924813004,-0.1667623291964682,0.530562213281195,0.40547809482212455,0.47096208527248457,0.25170277191336304,0.49474330174891684,0.7053297803784322,0.7264022388823168,0.033595469631155984,0.4730543333809509,0.10552452460717973,0.5086829980565423,0.52164767600141,0.8267252471196351,0.6433512977273571,0.5270259387755528,-0.08099735670905772,0.4517792217699564,0.6914969579852367,0.470625659699601,0.39908413319175745,0.2295272743324596,0.5320783876976296,0.1917746083867304,0.8131394033826385,0.4460404438072221,0.3648403172134035,0.4749606362921694,0.4992195808086905,0.579504725346713,0.3861897471897009,0.692979722838948,0.5768394862731006,0.5390761338193462,0.6464664294497903,0.49910714420794267,0.7087724147892172,0.7847715604942747,0.47376516372974975,0.7544733134277468,0.8352218651479109,0.42758394863419324,0.40450924199041244,0.45521085189233623,0.1296778282450035,0.48049749382690726,0.36375365026261475,0.860754298830178,0.4621337387191338,0.6077382798513039,0.4375987228134906,0.5050742776110377,0.5643299450344403,0.4109973796541548,0.4522887321480927,0.4979449853715272,0.22602476574444244,0.41632600985592955,0.6711535362348773,0.23240876036050734,0.38854508453597336,0.7700377198546947,0.548262550147917,0.44099705842321907,0.17168452078731655
4231,-0.237397141295901,0.0033050658854992935,0.4310956636069755,0.5385803723995102,0.5472283249713682,0.5308334946306411,0.3306706211085883,0.4709130076301508,0.35477183344821245,0.2875171256376339,0.3764677377698501,0.4479851545553649,0.1908707434817124,0.4463891989861694,0.35052145431499776,0.4385778691938433,0.2620565045931902,0.377707151919843,0.38001735570251405,0.5351698250713589,-0.1842004405613468,-0.2978882729120028,,-0.009268935693878516,0.514826807323804,-0.1680006503749071,0.5680068826852915,0.39992345179219124,0.4758197392887573,0.5120459350016878,0.4834558613619257,0.3342279378654233,0.017013853039848963,0.21176331501283277,0.31804521330743657,,-0.016763865804143456,0.10059249964182024,0.10533395726378848,0.46947882026842364,,0.34562353352096975,0.5597945559037987,0.3201315649576004,-0.002979172483833239,0.2158478188978529,-0.04621918719503409,0.46441325691862834,3.0850114892171505e-05,,-0.22518384912284933,,-0.07500363486234682,0.3421085562827212,0.34819476292247803,,-0.10229004022434025,0.014769786181479056,0.6134995150074349,1.0,,-0.019763887454877168,0.1833770491495539,0.09364832504639832,0.15995625376029265,0.561473482190981,0.39773110577269266,0.3940250592011285,0.5253255895857476,,0.1374828397735283,0.18372365542645877,0.21767011032252964,0.33028366432596445,0.5117465077359248,0.32607820530829174,0.4489462269467413,0.26351480747203876,0.1550117598812337,0.4313091779325185,0.28194801590726587,0.4113789167105209,-0.09708685349092834,0.26760819545964,0.2979708980252404,0.27977431743159253,0.18070977740354682,0.016317129060682754,0.3721071902321959,0.2869941049842264,0.2784377615047246,0.32928073978323114,0.00875205586545136,0.3892608042881298,-0.08310163353301454,0.37021403749329473,0.3618681071271859,0.2179702680021679,0.39905869352495105,0.008570529903190079,0.4714941287131681,-0.11284048626954037,0.2644036447438009,-0.023782997627093842,0.4307284713764226,0.3208740262525642,-0.006250045014716382,0.21580935212726676,0.5601958147728403,0.5790359513343906,-0.06692597441054382,0.2617696929009691,0.37013004522838877,0.2769356447308093,0.4820202383645551,0.026217679364063183,0.07716386868086128,0.3059859497264969,0.06934345122177091,0.4056238605235692,0.3440134689493488,0.05689005863719835,0.11138405182399816,0.5213610727960354,-0.2970522917268904,-0.16310083746343815,0.37159465451578905,0.3287869293808149,0.373345857576816,0.14447770803356924,0.2331779739866869,0.5266189270610133,0.507764735499161,-0.018377781129045184,0.25039816634366246,0.10595723063159097,0.27510753504775326,0.19087074348171235,0.6116596301325173,0.34372665749183684,0.4001144022962861,-0.07490033618850811,0.337118346504101,0.4753442822005936,0.38292203865855373,0.22365772318460747,-0.04152042674239487,0.28747846284860473,0.14196924111819992,0.5296196020764444,0.3549281801379143,0.1656923228669878,0.4001164461151595,0.42077409480467126,0.46020080670305874,0.3107551821619205,0.5456999248262302,0.42683496983951963,0.4387415606730259,0.5052763564639021,0.40714014525924624,0.5370006091613544,0.5977173261830458,0.37741480081553236,0.517023246519794,0.6251013341226127,0.30746644326589484,0.27542183361161676,0.3529689336079146,0.10123283183717621,0.2936988247056603,0.28518012242977214,0.6319730526994598,0.36643276975311845,0.4657801867963492,0.3884012019463288,0.35453949796690265,0.4406939580721871,0.32702319864681606,0.39460290855933045,0.4234492092001957,0.15096920037366848,0.34934356527097876,0.5193769647948638,0.15790286662529227,0.25531186777440595,0.5585453131587226,0.4516020812667296,0.34069272845034587,0.07362116930266764
4232,,,,,,,,,,,,,,,,,,,,,,,,,,,,,,,,,,,,,,,,,,,,,,,,,,,,,,,,,,,,,,,,,,,,,,,,,,,,,,,,,,,,,,,,,,,,,,,,,,,,,,,,,,,,,,,,,,,,,,,,,,,,,,,,,,,,,,,,,,,,,,,,,,,,,,,,,,,,,,,,,,,,,,,,,,,,,,,,,,,,,,,,,,,,,,
4233,0.2877489787948175,-0.2658060607293858,-0.12973365429684175,0.2144168901057894,0.19215742741724945,0.2803431251851189,0.4498192068522532,0.314949944093972,0.40317840596908966,0.38759537101687414,0.3757867553740553,0.3255218098602495,-0.2791392733422731,0.3339779663308112,-0.11355932004977376,0.35448488903062164,0.483988516504267,0.4145073972796529,0.4104939424882187,0.21560273081755893,0.2930442843665848,0.04432485647313059,,-0.2711228965302768,-0.1258320700556943,0.032021051516371156,-0.13907473676379623,-0.11168219597945452,0.29775415342351286,0.24134336437037485,0.2857468024039088,0.4327855790619572,0.008423005061543911,0.485223516239104,0.10001664320060012,,0.2472274106228769,0.5426703077556925,0.1747565458140156,0.31343974678604675,,-0.01285996810099967,0.11748817070105724,-0.16813089412055868,-0.20809576907198532,-0.18395347416950208,0.05592246062909158,0.007553523009408944,0.06293183820743849,,0.0571422621767753,,0.4474898590226707,0.13014555587610718,0.1540220070591248,,0.3883738128147825,-0.1377704299618103,-0.13259733434048074,-0.019763887454877168,,1.0,0.21344286546815047,-0.2210855769742976,-0.07625380179233619,0.15726427215611827,0.3261268785807508,0.36383087758920357,-0.14212213006797658,,-0.04721023584670525,-0.08229196894900137,-0.05675672232527704,0.3931562457717118,0.11330319026281181,0.39964103992376954,0.36264996886676654,0.48901551173197877,0.28753224556200824,0.36951163528795766,0.4818044210569659,0.393676890234172,0.5976684600974334,0.4545304422816899,0.41604657522569877,0.448557022394439,0.46128816749872975,0.5414644751373563,0.42338944615192564,0.45211295075407176,0.4600481949438267,0.05879932965815878,0.2809167086947186,0.33362193485943,0.10241382990600839,-0.10836000979176208,-0.28654583958473473,0.15148122100654607,0.3627398359714599,-0.19825864079136,0.0941769875922544,0.016502671044450395,0.3714892239379458,0.04101964974709326,0.33893631437031957,-0.20806069656937434,0.04554169403624635,0.3477541108847309,0.15346257213372716,-0.33312411855569607,0.17082742216347876,0.4453600239297083,0.30802671902136264,0.2848031325479685,-0.05574835807379409,-0.20010913833174535,0.08869698272899236,0.38532822663918714,0.5143498831523426,0.329564033745555,0.3938290185493523,0.21001244668478322,-0.09655767440402882,0.23376240380877789,0.026319114887689652,0.5175186958187423,0.3556261433413611,0.4517703799494384,0.4142703212801594,0.2718514540503742,0.051140435678503834,0.13140723773265106,0.2449619981306507,0.11980575817477315,0.34588018385161823,-0.04525167350828351,0.3873024162729431,-0.2791392733422732,-0.04640679107207462,-0.32691242355986594,0.3704212367491134,0.3886769512009453,-0.06035056742511623,-0.06892974512541843,-0.012779878091021733,-0.25501862544454873,-0.2747759109361264,-0.21128964960702623,0.3538149979992161,0.060764359521725174,0.4161725447985635,0.18858438497791397,0.38124279099259384,0.3831297106613395,0.329045035882475,0.4352981483932694,0.2551705936211708,0.2708938631562196,0.34398267967218155,0.11457348291902379,0.37604774410738395,0.09422378892056026,0.08221950553364304,0.3652141641484539,0.11479780654088068,0.010948928068516146,0.3666703311426393,-0.09180269962699258,0.3871116473268727,0.479215294606348,0.31837017679600776,0.41953053886215974,-0.10839468096821903,0.01717541268706302,0.3101429646330974,0.3996501058256944,0.4025727285777987,0.3602960007898079,0.45276914025054266,0.3951223835287489,0.36920389831115963,0.2551239176277207,0.3976477945145629,0.1551518327455684,-0.08632606246832225,0.15379828104554616,0.16275801847778318,0.24262807788313942,0.3858249582340137,0.37391021259267443
4234,0.2972003912953371,-0.28788692637994245,0.03351329921298659,0.2926695444928962,0.3163266375444962,0.2997876985597247,0.454987414299235,0.3826533540658565,0.4598496894658202,0.32875220670075367,0.39598255594649995,0.4027803218842581,-0.2873100574081787,0.39775004810947345,0.035649348709728,0.43738156369713,0.45136730510656903,0.48143953072554063,0.45902664016907113,0.34818355819808494,0.30776029990290255,0.016569688169474846,,-0.300440997188883,0.07482359989231412,-0.16882218213309616,0.016948096154264455,0.03537199747800043,0.3729182280079167,0.3031073059501695,0.31120613888375503,0.4605352728583043,-0.0836150569370342,0.431480717010683,-0.09416663402177815,,0.20740977890464823,0.36249553524751776,0.2237131586527335,0.4112067783543524,,0.1256029178014469,0.2085487147446426,-0.16159865824237094,-0.34635876196933935,-0.21470016335725908,0.04396272706511643,0.18511807724157978,0.1521496778312315,,0.12151111637288507,,0.36467578739552886,0.1796340558809472,0.14710539939221268,,0.16287941425327834,-0.22153121078548016,0.05991104035687436,0.1833770491495539,,0.21344286546815047,1.0,-0.16791232165516698,-0.23178314348630444,0.2059819504205597,0.26761247105532787,0.44588431535150885,0.09781270162620935,,-0.15696897461287848,-0.11501758189129808,0.09747216290986062,0.34408008642537563,0.13942228898216857,0.37312946248448764,0.41103940179008863,0.38103943879343904,0.06877816599003982,0.4447565483994961,0.4730890214073544,0.464648054792081,0.41080746047399724,0.45869664048744074,0.4925672950412077,0.43466340229331246,0.4215296130046677,0.43886084045023266,0.43776942053004775,0.4510184488165677,0.4192548085839707,0.06592216824957813,0.27299899343097683,0.4068776767629998,0.1140940125377081,0.13534401445675906,-0.09349931454882693,0.26988189465305457,0.3751416890292319,-0.07369042497886653,0.12358771800859687,0.0004111020731430411,0.33167665419782894,-0.1288468946481001,0.42937300201898043,-0.15862268703633395,0.16589280382554028,0.311676131697458,0.29326012126362616,-0.11946638484625871,0.02518546132721154,0.4214291565176087,0.3587695886854488,0.32533324215778686,0.03226369687247583,-0.2462427890173697,-0.02157380827694396,0.5082303507271884,0.40069879301885275,0.48124849489661425,0.3956506522407334,0.28616235912547444,-0.24554418605798725,0.2660458816725801,-0.015248513743845385,0.28260737266273345,0.39065027340716707,0.4181060357180915,0.445039825520883,0.1378481405288689,-0.029627923505627762,0.23137378740770267,0.354196224691541,0.15301438396021413,0.3290872807348858,-0.0061506770378232265,0.350654863311838,-0.28731005740817867,0.08171971864259216,-0.18209910265532023,0.42928507019768913,0.16313359158539545,-0.03269213789056032,-0.011618543895288838,0.13983500831396542,-0.12120727558317104,-0.3270726811869964,-0.03939063725764579,0.33416143506247925,0.19910494986233435,0.4526181478661369,-0.0076723827756504555,0.45193868946311616,0.4236754551903035,0.4271569439985457,0.4189312857607063,0.36003050990646296,0.3476458751547969,0.45360065510129605,0.23256488854040533,0.43482180699639167,0.38345333240785734,0.3281807907284369,0.4494615323576211,0.28989103110319425,0.2422334254409519,0.4691138115910679,0.07939108626689212,0.4238530482068171,0.351303164609155,0.24046312271400286,0.46229806428945536,0.10628658127737262,0.20673037352886067,0.39452120750914543,0.4859969617389885,0.3931821342733227,0.4197952864414946,0.4162081145951614,0.4786099312481506,0.468371991138209,0.18515276611366127,0.44369576452240855,0.35487727011034786,-0.09908275602992976,0.058914814958218695,0.3079809583066916,0.35428259664740563,0.42641890774338925,0.4266452804528082
4235,-0.20782534966425903,0.08417503201122127,0.17576255917275968,0.12782801952069447,0.14341519829707441,0.12447642686180939,-0.047505083997445775,0.06381176284589805,-0.03605553567260848,0.010793703000857972,0.03216374203204322,0.05981341391477134,0.18112736150996542,0.04857248324608215,0.3192610886977079,-0.0006879908253561949,-0.10427732015943161,-0.052532842326039816,-0.03618940976691301,0.09101013635202508,-0.1890854048042186,-0.1458870279809663,,0.08598668647506988,0.18797059893417958,-0.013004532674689293,0.21499324686046103,0.19397658729258443,0.0951298220977144,0.11154298779946632,0.08263674636041976,-0.007644703209270234,0.038375101559481914,-0.11079156988570972,0.10060660320185306,,-0.10096357954574074,-0.2128192572222745,-0.1326832627557956,0.05927429610390971,,0.14235418088310423,0.23930175588559457,0.07089172308510448,0.12757317183935638,0.2507148846165604,0.023811179265322176,0.1554913535666171,-0.058623096950379795,,-0.07749178675687984,,-0.20934858629214437,0.061609029315857884,-0.0032015676653208485,,-0.20875698746790294,0.17794997047756758,0.27513580716117236,0.09364832504639832,,-0.2210855769742976,-0.16791232165516698,1.0,0.09252256579976997,0.1895462869685967,0.07621964784161461,-0.0016950788061903946,0.23146297419666734,,0.1628877763089735,0.07733649582024708,-0.11230794951416959,0.029153609416635473,0.17782952550539097,-0.019558825741470363,0.029606372459329018,-0.08957941132265805,0.030766542321448685,-0.009987444969051275,-0.07610707939254502,-0.020953378204594725,-0.20881881156505622,-0.10276681842973326,-0.05100867598559494,-0.0791951462129579,-0.14875811944122533,-0.22344091851373063,-0.032062284950841534,-0.09932687406973523,-0.10976851920700195,0.19061661505918295,-0.012980523011979357,0.0500732894477997,0.018165191471377077,0.18829484088284373,0.22587649563827697,0.08275442509963538,0.0021364015540204424,0.10358583252408927,0.16621970179299334,0.07420899237300246,-0.02724667231887833,0.07939279054092664,0.005842011675214539,0.2160977159943251,0.10364818299155655,0.051930973644047834,0.08823701352260908,0.25941406226471203,0.016672628721997425,-0.06830919855875613,0.05603306585554961,0.06380134718926184,0.19144316934135686,0.038917687220433435,0.001344863693702471,-0.05973357019238358,-0.11419612449357786,-0.047136285325999075,-0.008303915525466683,0.005703152694466078,0.1528595619154351,0.13033520384682803,-0.13755206162936673,-0.1642679545700025,0.03775365447413222,-0.03257044459953305,-0.028116102327673198,0.015922269690352406,0.16695140803061279,0.15163218919322274,0.08369555616380146,-0.039777093436380535,0.010396370147737328,-0.14959762534293003,0.03294606380680055,0.1811273615099655,0.18615445536053554,0.2857082648641448,0.01657089374413762,-0.2432411922913872,0.1314636214966281,0.15475656293551812,0.15092273160627748,0.3362986697137489,0.20930912501729237,0.3007098225953358,-0.09093337425265839,0.24522770455911364,-0.038222127776370275,0.017404766040275865,-0.03715087695766092,-0.020935044696449523,0.01842489638995306,-0.0736230179389162,0.03272329804707428,0.04614061263980445,0.002454982434186689,0.137475307292967,-0.023984075583668867,0.13398106987813965,0.15016937041955192,-0.019116684302788158,0.14312910723526934,0.26780726176066394,-0.009621598142791007,0.05268942663844921,-0.03607147076300505,-0.11989421908914248,0.014771011469064246,-0.04086491738171014,0.17085095877777118,0.03267780235083773,0.02934466071915623,-0.039682177493777004,-0.0029917429468285825,0.011475350426114243,-0.04339332978659071,-0.03080505056661361,-0.03463474172598381,-0.14348056826531874,-0.07247484435760924,0.1354093943941235,0.09549016062644848,-0.006871769550517206,0.11898810903482507,-0.029673112893401618,-0.02009090888950929,-0.10236470681342556
4236,-0.3092133429339643,0.3798377626127347,0.1659701500963579,0.124743914420013,0.12559542136805443,0.2124677531813582,0.004677796295406752,0.05354873674983712,-0.03603546385757168,0.16758863205091856,0.03632087673714515,0.021518319864736936,0.5569287414108275,0.014977989377648063,0.10492141902876075,-0.03374512962442953,-0.06783513307479883,-0.06509504014456714,-0.0396900245143928,0.00985948930882135,-0.30073355851041955,-0.07232716937105496,,0.3623402810156375,0.23483022247757773,-0.15801277695547608,0.3174844441025971,0.21293478473766633,0.00849554283628375,0.09105651670631013,0.10563079004301199,-0.05143918651199927,0.1695643571832811,-0.021985502836921404,0.24483953072133918,,0.030028241683299338,-0.029131303302254784,-0.15765960421519465,0.02712773216372443,,0.14445758443936205,0.1116595824353874,0.29776856214468145,0.44114575872764905,0.239583676164966,-0.05815698530991962,0.13866825152575646,-0.1718103804808855,,-0.08143960570247707,,-0.06702466438670521,0.145848322911511,0.11406288843777361,,0.16495544222251707,0.19262903066415518,0.2746881523812511,0.15995625376029265,,-0.07625380179233619,-0.23178314348630444,0.09252256579976997,1.0,0.2022215149956174,0.17969810098955102,-0.009533736009171918,0.2682112753287946,,0.35463199425909364,0.06061550653666212,0.047211936531700645,0.0659181870640104,0.1937262516507576,0.07712006981201425,0.07196669224716441,0.07100646520379894,0.15898735495142063,0.039000435923063584,-0.05674082502120956,0.0019441055596104684,-0.1818950538273514,0.007937509494525173,-0.06302040468988136,0.01924777296563116,0.06852308085369349,-0.10614267792114514,-0.05806581339981293,0.005090189045202367,0.050123228000203586,0.29466157353491595,-0.07667388910953005,-0.09376958824502624,-0.20999556564767896,-0.015569424401540813,0.20396514696448995,-0.16022314764594273,-0.05008489892997434,0.14174961161507335,0.20866962199612743,-0.09746730393357612,0.12375328996692182,0.08786428329187841,-0.04820202277719608,0.389445493422628,-0.008727479786976387,0.07981353874032321,0.2035520204580605,0.3722069551414252,0.10675428117093005,-0.023851234098672413,0.02523942879261602,0.04484756794693122,0.3192086094511656,0.43417603623667556,0.1500900881245163,-0.22586694638239202,-0.07853862465675583,-0.06968203406276188,0.12761079343924825,0.08938256000367428,0.442569280994392,0.2391555971978871,0.07037355755456656,-0.1427921394724093,0.04851552368406456,-0.07620787682427582,-0.010247489400795314,0.0629785889653723,0.2812117476059526,0.14636386097543772,0.12325646213441316,-0.013398960975549969,0.10242975821024908,0.08881054533478507,0.061874864195904745,0.5569287414108276,0.23661918732326992,0.28497264033093395,-0.0472490383877747,0.008461334743468656,0.039845999994155105,0.2811204294439916,0.04312780494589018,0.11559592657387156,0.31539134019209375,0.18933751149407255,-0.0054628524207780416,0.17104975592423458,-0.057732792740801925,0.0876241137909753,-0.05395435344814016,0.006753237653453899,-0.0419474118419992,0.0014019677405771858,0.10684547039598444,0.052075200004008025,-0.08749106412465352,0.04283967669595644,-0.03409249544576085,-0.12999925696349418,-0.014668238352721363,-0.07111068241608971,0.11773211280851326,0.0577387764323437,-0.0322355336289037,0.2722030884039719,-0.05818943962703505,-0.07741273564113822,0.15192572967707843,-0.04119252980251228,0.17634299345055487,-0.014045288262320987,0.03008685928331121,-0.08639858595188678,-0.007156896584973119,-0.008803708378958513,-0.026305831254087374,-0.07036682274729852,-0.05677935995826932,0.09219429581003756,-0.04906234779513812,0.01169735233791362,0.19717850316464677,0.11979282820007411,0.020099669285998312,-0.05421168032748262,-0.0426005749286502,-0.19359797845100646
4237,-0.11277686597494062,-0.04384016945471522,0.5906222459366822,0.9453697229741074,0.9152779057157622,0.9613696314912641,0.7623097586070651,0.8812232876581,0.7585919106055448,0.741986095120735,0.8093906216164289,0.8513383984384986,0.22810449877384548,0.8664157290179497,0.4432945175074901,0.8267312843066597,0.653564158468841,0.7637400725181203,0.7956252478049803,0.8674664498983223,-0.07319444831347766,-0.20892294408575823,,-0.051697839976009616,0.6315480378295232,-0.0407062728464809,0.6530186336105329,0.6578940867063733,0.8560406925671572,0.9306668372359495,0.9060511741859594,0.7645325255634439,0.1024775677900003,0.6430132084458994,0.5095201018224984,,0.2827076880037149,0.48740108132479726,0.33661255676635093,0.876662182024376,,0.6051237995716553,0.8070259793002114,0.26885528065242065,-0.08298239445046778,0.34470083830604564,0.15237100104920104,0.672115799802328,0.04337874705874147,,-0.2551551867668366,,0.25984262305882355,0.58528245287743,0.45492222584088304,,0.2021267251774533,0.08009805104076861,0.7866308871917609,0.561473482190981,,0.15726427215611827,0.2059819504205597,0.1895462869685967,0.2022215149956174,1.0,0.8397201337033922,0.7405006386963092,0.4819767847183748,,0.23244876561922945,0.05391268401225427,0.12986320232292503,0.7288543741731647,0.8136912497099859,0.7768750188475517,0.857920560971071,0.7003012666122758,0.45738149378920084,0.8240473148460543,0.673072049780258,0.8070327664210312,0.234955207772832,0.6696607257126644,0.6717434936237838,0.7114922548398643,0.5944716127433776,0.34577976903774943,0.7854155374942181,0.7044881178871659,0.6959940770700771,0.5938599693769593,0.13579395916382322,0.8005042767295885,0.012036072612181287,0.4914946534952866,0.33981292086630394,0.45221284368177744,0.796441408446752,-0.02869651452856105,0.8003823674592286,-0.1443193766205583,0.635400662128577,0.0947851441268126,0.8103267448096576,0.3974259520108013,0.0858703255572617,0.5493123524067043,0.8963554347722609,0.5660927518955833,0.136483291005137,0.6909982819992487,0.792635488515901,0.6649612341044487,0.731294592927223,-0.13652858781569993,0.08573932339418366,0.6112485731570843,0.4666103875493849,0.703411764231724,0.7747754113490508,0.36733681412712493,0.1901805799262377,0.9285297208838746,-0.36915061991951587,0.1653642461268426,0.7996584165764521,0.7289710803960721,0.795257443232393,0.4668079957094157,0.48400601150281036,0.8875338196440191,0.8722132227303676,0.06814437735038248,0.6672102222906575,0.06263801945969161,0.7460063425472094,0.22810449877384553,0.7572360077975487,0.48445250722753463,0.814193739224529,0.16649920965709872,0.3743334599402702,0.607030076811741,0.4952747651360099,0.16369965202679246,-0.03270995526945243,0.38530147235339274,0.36419858053140763,0.8283414751144473,0.7740751572027481,0.4485459517923122,0.7895845676711537,0.827098497260537,0.8265696357350154,0.7301807029688606,0.8656538980835586,0.7978129875443912,0.7969499046624756,0.7163861364477816,0.8062312858370595,0.7386300040872752,0.841466390110705,0.7458460679801018,0.8406880847895841,0.8646334872180277,0.7087562934425582,0.43393223334727465,0.771204143808608,0.39505815804516353,0.5917792845264205,0.6895803422557005,0.7775534688369391,0.4947413963209618,0.8492217616923434,0.7559765226416924,0.8118823090128668,0.8351307406370104,0.7380523532871814,0.7650847710982019,0.7977936085518325,0.3834247238342609,0.7100690511378032,0.7909537651187661,0.04067621361237451,0.41520035227097113,0.862275475367165,0.6884096786467442,0.7540985752021171,0.41201288759214133
4238,0.05278578175551936,-0.15022322933391027,0.4540785062189546,0.8879584377456332,0.8856697473154057,0.93591137077463,0.8643846079192583,0.8915945138332471,0.8285383466546031,0.8785957160504196,0.8759961658254187,0.8803954154263203,0.20180895315761258,0.8792339323866267,0.383685636315268,0.8315880282490159,0.7928336006890856,0.8169063134663868,0.8455903413055049,0.8141880430662225,0.06582215673860768,-0.019157223845666625,,-0.156820704488304,0.490613837421701,-0.030369572033901615,0.4348690464769394,0.5555714536536095,0.8256712425102879,0.8898589378610076,0.8981971786847319,0.8408355163039604,0.09555138164569416,0.7969620024925284,0.48296767638996624,,0.4170665456941167,0.6588954068043622,0.37916349321612763,0.8860228668680689,,0.5653229724394789,0.6538796361477316,0.14803825935600753,-0.05110025011348662,0.18095873306022225,0.1652369537331499,0.5873988063278258,0.056460621514428426,,-0.19684063243989797,,0.5208826134151399,0.5576142686065785,0.4425142364953779,,0.43704560591003433,0.004090854218526223,0.636893563638683,0.39773110577269266,,0.3261268785807508,0.26761247105532787,0.07621964784161461,0.17969810098955102,0.8397201337033922,1.0,0.7353732496367856,0.33694686573634525,,0.2235457128980917,-0.004130761489858034,0.06107426851002014,0.8548211712897802,0.80249707375591,0.8772167978797291,0.8930564599334867,0.8630319926807198,0.661373695538652,0.854207522592888,0.7897432392368826,0.8410757395396732,0.4876109323931248,0.7897203372159092,0.7614455118546704,0.8420680250187715,0.7378583831347806,0.5742760216231972,0.8449597759392459,0.8301784615325092,0.8098832951975827,0.5627688987402002,0.30937763046350286,0.7991218736466581,0.03129831123492039,0.3546609863250622,0.14735137315742725,0.49023803197021887,0.8252264220323601,-0.011916799022537271,0.7091402833517325,-0.0069736200279630995,0.7798254026596644,0.23237620007316762,0.8275783291806903,0.24232925116122894,0.11029813315051099,0.6632631397184557,0.82363609076957,0.33503497936909504,0.24585373265029073,0.813898124926676,0.819390636533374,0.7867254514561592,0.6346619440887766,-0.10571285666816949,0.2212372500498861,0.6377371095769127,0.6947109705304518,0.7386819519960548,0.8641522044884999,0.5356015483539308,0.23335009251714428,0.9098945611293029,-0.1860758611412347,0.45385190096743533,0.8490784346218176,0.8235337238860728,0.8493170985170118,0.5791809380558011,0.557717060204494,0.8042553244167088,0.8755113143977239,0.16496233861661902,0.8106447029935901,0.02848394129134257,0.8737100513120837,0.20180895315761263,0.6456748532849758,0.2734218756123564,0.835678027028301,0.3742194915047862,0.25398418776095627,0.4720308706590839,0.4436059318723187,0.08591521110040383,0.0019676849926494717,0.3193239668248405,0.47951790394755117,0.7720164692746724,0.8294301442706106,0.48283841432056296,0.8119321794904444,0.8470326857085131,0.8062306680561437,0.8246050363922416,0.8421229790551858,0.7898908985514055,0.7916626161905542,0.6246867264841456,0.8311366158419685,0.6048818090964376,0.70358479046956,0.777311534859637,0.743927717256822,0.6848994960607281,0.7824875848685636,0.3100021075626847,0.8096249882535942,0.6195088193478099,0.7271438657018485,0.7803002588204593,0.5559641020883559,0.3571933478750675,0.8597085372299864,0.7992996332891992,0.8803098768354384,0.8504849639064701,0.8261049388189395,0.8016993072156346,0.8072012413188409,0.5149190606047779,0.764753302218763,0.707962957083801,-0.022541380566933816,0.4587473907788073,0.7800226692255413,0.6940381388156368,0.814966204591036,0.5800202988285649
4242,0.24275361688633848,-0.2588527716149236,0.2734455931906584,0.7935959120956736,0.756725991566304,0.8288546731004409,0.8758050556581323,0.8481806611236877,0.8656509881388905,0.7622252975595495,0.82924738042952,0.8446055339047662,-0.1240317077730839,0.8521900817255615,0.2323388680385113,0.8861792413459535,0.7950633096539416,0.8841322112760784,0.8864525377664415,0.7686774179022728,0.2507642521767865,0.00854972667943791,,-0.2759752098483004,0.3206725120989739,-0.09522561069484872,0.41067943285292485,0.3875368685310868,0.7838020493757065,0.8079223799995995,0.7946746140318717,0.8713753949061299,0.012372972782022557,0.7946491454410932,0.33632185233545564,,0.3959345234591348,0.6945032860503129,0.4030635528305675,0.8510080828627791,,0.45844406823788453,0.600534224478922,-0.026437758136299963,-0.34538246176900295,0.062179782724398794,0.05222593402797305,0.45561244407364093,0.12729474321768733,,-0.05698436094583031,,0.5206421055737898,0.6112395223205113,0.33846924479677576,,0.3700096746666141,-0.10644029689443624,0.4008221771650349,0.3940250592011285,,0.36383087758920357,0.44588431535150885,-0.0016950788061903946,-0.009533736009171918,0.7405006386963092,0.7353732496367856,1.0,0.20609175512958264,,0.06640421009494636,-0.0164372741652851,0.1204224520101407,0.7300109331863714,0.5940392710523099,0.8476393053459926,0.8739002608029707,0.7722641669288866,0.35473534828794506,0.8705720533452741,0.8401852592398523,0.8964300056578502,0.5699790649720183,0.8524501307750211,0.8175758845746338,0.8561955647651281,0.7915289795769961,0.674900634509147,0.866627106059841,0.8352965939680203,0.8547366013662564,0.36582836160734733,0.2737560424938423,0.8511474553286974,0.09760418528006444,0.2672455915423115,0.013064669307167593,0.5015272269667231,0.8147197349331987,-0.15449716260713303,0.5666921248838568,-0.0883223244459022,0.6626738720490212,-0.10358229793405285,0.8522952940634132,0.04055830843976499,0.14737047837756054,0.6125665058417917,0.7951703903649158,0.15169215298899097,0.12497418255278468,0.8320196354146363,0.7971296728952245,0.6402258114316377,0.478312899662535,-0.2470427167545443,0.047964592013075076,0.7665589730178209,0.6820110716993952,0.818007821016984,0.8374549607233486,0.42196652572702376,-0.026156374291325037,0.7866550042615483,-0.2898361755616452,0.42759412959380244,0.8147078984792465,0.824182758386861,0.8780769197283255,0.5059736131861814,0.263913698776746,0.7583077391416415,0.8094193725117228,0.1379002846478385,0.6704011565823588,-0.02461165505730554,0.7539351584729894,-0.1240317077730839,0.49524294520278794,0.12075568798679094,0.8549390942603342,0.2854198625814128,0.2584340532230955,0.3134605999392542,0.3610839653581265,-0.08039621189387845,-0.3257255291581117,0.14097240020509844,0.5294878396748617,0.6447027849953887,0.8749629176497572,0.3439123907780809,0.8876631995752831,0.8914163774501606,0.8587557833828413,0.855158530976953,0.8295952137106355,0.7336796244810807,0.8617971660588807,0.6197250810753006,0.8846091417147408,0.664824786877906,0.7103578890638956,0.818873575150826,0.6762515123499415,0.657207958541169,0.8298551197803661,0.32450276792212057,0.8638835942279027,0.5259208198750267,0.5508771578525063,0.8338227160074091,0.48946697232520453,0.41611333017615887,0.8535747118108197,0.8752455031497779,0.8130503484465906,0.8637687890640471,0.8130652070137303,0.8778506172676624,0.8831392073094795,0.4577409861823064,0.8310564635503266,0.6944300294410014,-0.0875101833456711,0.3061862587030143,0.712160616437215,0.7082700883637639,0.8686242927143756,0.5962194213417813
4244,-0.29581379169176814,0.18110415298075316,0.5283669501780346,0.4495174994815599,0.48867030909814174,0.436615655128248,0.16495217689069666,0.346134233960323,0.19674559531598224,0.17779120037993168,0.23902126311443386,0.3299574428270196,0.38603892613845187,0.3106613252966471,0.4537348528257342,0.2731754336227051,0.09224362819719148,0.1943261831781738,0.2066410530163904,0.42495473627059477,-0.22574127359133933,-0.3432472728261419,,0.1754571743641421,0.5900404146549173,-0.15678079419314422,0.5068529525751192,0.4168734224496888,0.399167869740362,0.41804472156180383,0.3658052754975576,0.1702852128883688,0.018809489244500356,0.045465652128392556,0.24136031218034948,,-0.08130993276443584,-0.09460220504369102,-0.04762183136957502,0.3431327098190342,,0.3092114217794352,0.4852995932163925,0.3801837931851715,0.03331290814419178,0.35206666295784605,0.09984924879108745,0.5180179750517349,-0.07189715785117808,,-0.2011541005069628,,-0.16291589664832554,0.22002679021791074,0.38740217770920127,,-0.24566703816974045,0.133252947987987,0.6821100239816766,0.5253255895857476,,-0.14212213006797658,0.09781270162620935,0.23146297419666734,0.2682112753287946,0.4819767847183748,0.33694686573634525,0.20609175512958264,1.0,,0.2039260938932912,0.08414673807328069,0.1884392895698065,0.2235900150167856,0.4598231482968139,0.18595646211951042,0.3134233361103093,0.11473097827171484,0.10618662674355432,0.2797163761118263,0.1256710062388093,0.24527423667603318,-0.29355424296196775,0.07230162580174582,0.1598104060660092,0.10444607057033495,-0.006527165509590123,-0.19190406209144997,0.17898122425712007,0.12981112004885723,0.07688429129970395,0.3597529267404313,0.03182079174383699,0.2950794356577381,0.02305361820456313,0.4934162061634256,0.4614388791648451,0.22766088757216782,0.22027850673738664,0.16112520635717023,0.48209239367681955,-0.10817245411061009,0.16376633105659644,0.10144697501304746,0.2745885583761672,0.4230996731298568,0.07964590000859863,0.07867956688688141,0.47363669456985197,0.6607342075988059,-0.037624090187475,0.12165924355916102,0.2616228516837505,0.2319957729636051,0.44233280084577653,0.17099676425657975,0.03897912510809779,0.14123665912509525,-0.09318588939818093,0.24720674475158574,0.20034399665977676,0.09827298725376134,0.17119375392423844,0.42466232799407644,-0.273791475701035,-0.3087339772525595,0.24265722564016887,0.15092722562537997,0.20117353730713905,0.09347234243158359,0.2699722306547028,0.41919435055032706,0.4099309462032114,-0.10430653651249144,0.19454233057142847,0.007929434972923546,0.18435177542484038,0.3860389261384517,0.554187999103995,0.4971277910551549,0.24174121112362723,-0.20627134293708824,0.3088709784431482,0.5355562266618246,0.2901438159083199,0.38389875490428405,0.21686793277788746,0.4737199775221315,0.056905923821251196,0.5327180816164316,0.18395011239047973,0.09845497088983776,0.22466065712321312,0.23747557225028798,0.3141252725174868,0.14135943558755132,0.38311998116761753,0.3063970655637065,0.2752396628877184,0.36936286660371953,0.23320199301344172,0.4613943877217157,0.4912278269309343,0.2208635217814277,0.46611738112240864,0.5968408069079969,0.17904061331267912,0.2599148280125376,0.17936887430226023,-0.011226799426371684,0.26657349402157204,0.14621941396132304,0.595199371515905,0.25941157324354785,0.3230373149891,0.2021072565879503,0.22295553428588857,0.27713129487292665,0.15257144498806247,0.22098788039023382,0.24212129371447297,0.09758343043348318,0.1557146171758037,0.4134128123684842,0.30998881893312746,0.18118203669256377,0.4696201607343816,0.2820902008513231,0.16186124253338915,-0.004181323848334838
4245,,,,,,,,,,,,,,,,,,,,,,,,,,,,,,,,,,,,,,,,,,,,,,,,,,,,,,,,,,,,,,,,,,,,,,,,,,,,,,,,,,,,,,,,,,,,,,,,,,,,,,,,,,,,,,,,,,,,,,,,,,,,,,,,,,,,,,,,,,,,,,,,,,,,,,,,,,,,,,,,,,,,,,,,,,,,,,,,,,,,,,,,,,,,,,
4246,-0.1716636029441046,0.2271086506440286,0.19957279585544724,0.21345919487159873,0.2350793489403502,0.25323351932866334,0.12250674731610814,0.2031120095792214,0.12650139613392627,0.22708360511884798,0.1966491129949523,0.17870551368808033,0.33222190713614885,0.1655232284936935,0.24428324966053436,0.1260989203369744,0.09524368251393983,0.09231456814820624,0.1076094116813976,0.20286143817918767,-0.1327079745554047,-0.15542907466987493,,0.21839310007629312,0.28528028566681735,-0.17674634503771794,0.19536383115617187,0.2739273847828415,0.11378079925935548,0.21202898568795975,0.2035447412126835,0.10247503803355378,0.06480549536038917,0.10295219850108057,0.1716933277080688,,0.032946655541850445,0.041744159710537104,0.08093076332115574,0.17738874767145882,,0.273365619405801,0.15522989212574517,0.15635815284636895,0.23885981379075433,0.1194691288621774,-0.01083299479687271,0.21388397810295695,-0.06539247750811578,,-0.14317765837234642,,-0.031171356189799597,0.2284749823816325,0.18377158589452577,,0.10224596301243226,0.0755549193848001,0.2949412568841277,0.1374828397735283,,-0.04721023584670525,-0.15696897461287848,0.1628877763089735,0.35463199425909364,0.23244876561922945,0.2235457128980917,0.06640421009494636,0.2039260938932912,,1.0,0.11495688059178279,0.011370069455181564,0.1727653006631723,0.16880627094042677,0.16615905995805666,0.16793679843987191,0.13106234490101792,0.11044898555119341,0.13718402249930864,0.08986444968318012,0.12819097544686547,-0.0624697155677164,0.10627890945633059,0.13114239284598972,0.11269352517152248,0.15326359450708854,-0.014766948321754021,0.08644845109220185,0.1280392755693768,0.11576414000696025,0.3190194092646012,0.14434465705597074,0.10074731582933401,-0.07662284575390517,0.15903241533980833,0.10587497740542673,-0.11457597056166008,0.16072980577477933,0.3048936905828065,0.17906042809990932,0.002721845503245946,0.14894626358157115,0.10128001629336272,0.13094317031886732,0.2975229508724377,0.06482458051190927,0.22364256223215906,0.2643154862220696,0.33390900317175887,-0.06631094297772236,0.08374015774282192,0.18448008082665082,0.18641782058517195,0.25889588995522056,0.13836967450023707,0.10631152150930119,0.04583048008264276,0.06093212083167703,0.09440643051544631,0.20228700857470303,0.19904763187236707,0.2050140799468234,0.2796497493676206,-0.08095795332626306,-0.02604675709781885,0.2245148264358384,0.0852638087249072,0.12381001057496907,0.09479195045180575,0.2945212643689041,0.18207476959861638,0.2291767494205063,0.012374181176725233,0.23850050839128842,0.00026265906005094837,0.1947930517754349,0.33222190713614885,0.3424856299364592,0.26478398939927533,0.1282553677000869,0.07643081953067185,0.17252510320492026,0.26265226481136034,0.05474881392010483,0.20891701454201933,0.17792742512766488,0.20893616970683773,0.09674385854830082,0.30506058310129075,0.1031249551754907,0.13433778050600778,0.1093243100530318,0.13180521492963096,0.12460482342798397,0.12269714716143058,0.19630232737807868,0.25997918996443736,0.10797834199209824,0.11823807958564785,0.10864914536997804,0.09040203890050469,0.14394185461604558,0.04391166764096714,0.17350250861505692,0.22059025779793928,0.1514842166722519,0.14013700800588264,0.11441687164941608,0.08924613268063479,0.23810333669069142,0.11542954138734303,0.2138574378036663,0.01790358091245032,0.15658132673230965,0.08656648724951851,0.12740084094013635,0.13645791941355986,0.08898962474158019,0.10658253926635186,0.1050366200453259,0.207814269749123,0.11811762441255874,0.2074194590225587,0.1668923493186752,0.20493086500074867,0.2141320665218275,0.12851051061637614,0.11045874599428016,0.064368489577259
4247,-0.15011670292918175,0.0470154353498384,0.10517503892897068,0.019686027222570558,0.014895451083667837,0.027816068110165827,-0.07431147606413543,-0.009356107770899725,-0.054229664408588875,-0.0635315318124206,-0.0422575322575142,-0.030528089795348965,0.1425395547586277,-0.022345394150197293,0.17783102265663212,-0.02036050667592755,-0.07819011233579579,-0.06546093131899448,-0.0649075108390142,0.05201042104648043,-0.1251873478213557,-0.11059153442672043,,0.045215950583434146,0.1664351526508446,-0.06729044480066415,0.1304094260405477,0.09528435678148003,-0.07735498157125187,0.01866455910540085,0.006736536244945753,-0.08735850271729678,0.020575041224953745,-0.09081874678461156,0.14654694449092692,,-0.12109335279311056,-0.11411272285187109,-0.14389260802309295,-0.02813420809672908,,0.0746490456000716,0.09815710227455793,0.047800112476729495,0.15285563481905673,0.0031787412686594837,0.04759268266286096,0.03179677366723633,-0.05607842703024377,,0.018694857634095275,,-0.1691107110350539,0.13948108760308492,0.06415232917086736,,-0.19750342660805134,0.1753554514194897,0.11648772348733828,0.18372365542645877,,-0.08229196894900137,-0.11501758189129808,0.07733649582024708,0.06061550653666212,0.05391268401225427,-0.004130761489858034,-0.0164372741652851,0.08414673807328069,,0.11495688059178279,1.0,0.05946745692471759,-0.020452591029432764,0.13442260884709126,-0.06004300007612327,-0.01890720662236096,-0.055975562026502154,0.028014637967551357,-0.06420311253386071,-0.07549307879982249,-0.05712760231026073,-0.16171590395299845,-0.0832159563481981,-0.07238322945632915,-0.0779178449000243,-0.0677730484010038,-0.14462411614370035,-0.04143216410848751,-0.07641718446908112,-0.0767482240370937,-0.04272665488319972,-0.03421926996204124,-0.02127144484798626,0.03168973400614453,0.10760622433707089,0.06511276046420926,-0.15831554594547234,-0.006041968176726453,0.02822887997850986,0.04416237508558348,-0.08197276855401797,-0.03854381790713489,0.0070353475580263196,-0.015410532784390378,0.12579198994540639,-0.12998285202829563,-0.1120288399879605,0.0749299359344968,0.23838832019051953,-0.13282474608789327,-0.06832198458395702,-0.030461483190302275,-0.027566856733403745,0.1163300594726855,0.1366448410899513,0.021280507247758887,-0.061869849784288895,-0.1241396132674707,-0.030003670425696502,-0.07265082874280739,-0.07830185680436953,0.12279275078404069,0.030697463542288153,-0.1658004766076321,-0.1598194558462367,-0.034006679382437684,-0.06641999598515687,-0.08516483042114613,0.009367356722392818,0.08963087336234561,0.009559672524240868,-0.0014710774396903398,-0.06560704817521293,-0.07427958600618012,-0.0443223607109314,-0.08149675470909067,0.1425395547586278,0.21285574032079588,0.01992210618487892,-0.03696573028770684,-0.061084693433365075,0.1353527679719717,0.11246235877066671,0.044056032873892335,0.20718166719032488,0.09388646749392024,0.07808776405171916,0.06523318370157638,0.08465953551627611,-0.05009848751746692,0.08534910502357382,-0.03042061660206946,-0.0208322103543971,-0.02279885613400359,-0.05626438752456064,0.02877711405298497,0.013666147336903208,-0.016943538644498563,0.043053130782538244,-0.03892882180957364,0.015283698904905448,0.04611278117721824,-0.07708669484196441,0.0010896736156959254,0.10560250616366755,-0.03713086517257815,-0.09503703448611697,-0.046552128280881615,-0.06762171791328132,-0.03528465536279115,-0.03434144146718765,0.07137441207425303,-0.06213455958268054,-0.02226191873835514,-0.04247453376507095,-0.06692159622654593,-0.0265815341812556,-0.06860190821409887,-0.05074043270810834,-0.054885888569593144,0.022247883834650435,-0.06389953522684974,0.06770322349738214,0.1737363479182476,0.0259622777359607,0.07585480003365978,0.07995609099566517,-0.0604083543763296,-0.13021655178843355
4249,-0.00015322067150719956,0.1383013252518373,0.23956045932303419,0.1451564843478404,0.18830558114937337,0.12961664278536666,0.11616306347763193,0.15663134878692164,0.15899623456275505,0.09911142091605313,0.1355262412518639,0.15035008042587403,0.1582594255023094,0.15354811215825742,-0.022213246858080293,0.16309257641324634,0.09454640933665683,0.14341672916440007,0.12673069613056775,0.17384074328973526,0.02974074728890406,-0.1506243495815899,,0.1342776326867923,0.2697466602643544,-0.13718346419902402,0.19749508760264564,0.08110866923135296,0.15445632679610594,0.12377267867856749,0.13259493340022604,0.07224203488720211,0.16257990431107183,0.02833729072965774,-0.04713282596661045,,0.016386633925370483,0.0008302794175623229,0.10880284552194032,0.15165625361138868,,0.14114702460371203,0.07160961004232239,0.021232342018259097,-0.08864864719436,0.0631703560428468,-0.099429966741047,0.12292859356519091,-0.03927948146425079,,-0.02353223722041433,,0.03069653551610521,0.06956850661047681,0.3211276210416592,,0.0025148196473084384,-0.10419546545944791,0.25579081428218187,0.21767011032252964,,-0.05675672232527704,0.09747216290986062,-0.11230794951416959,0.047211936531700645,0.12986320232292503,0.06107426851002014,0.1204224520101407,0.1884392895698065,,0.011370069455181564,0.05946745692471759,1.0,0.03099665391306358,0.046396440982165235,0.11815540666168128,0.16078155965493285,0.03822854545093649,-0.1556721804833768,0.1559743636518965,0.11988061140256476,0.173399801471548,-0.09886315958787274,0.14716711490919934,0.17228275557280165,0.11075741686517844,0.1508686450616345,0.06302254519997025,0.09462741364681775,0.15069110307937053,0.10816288144386187,0.01110912564219016,0.06468212936241954,0.12930715630393338,-0.09631624840987611,0.16145309664331367,0.1048617639075768,-0.023713572469703997,0.1025111598924017,0.09908191760450644,0.15089044015706551,-0.13705096047594156,0.03181635689879974,-0.09689571858950154,0.13776050707349535,0.2747264781643759,0.008604825952902757,0.14682286227535793,0.2602564386545563,0.2986571294086498,-0.15941762569794976,0.09055282617889138,0.1361984038450921,0.12167957001048904,0.18092527990044516,0.018113286620645864,0.032664737518598365,0.10658184006776797,0.016981741435040228,0.2852341782703017,0.14830349780237212,0.0671783423224444,0.016375633626185247,0.13851224737582551,-0.09026499627591915,-0.08647321590493519,0.1545851520919888,0.08067648564766741,0.12709034724492185,-0.057802799058124334,-0.0775304720458681,0.11683271083927817,0.2020452011908204,0.09297948705297028,0.1448852157728448,0.03502036109512518,0.0573671346621724,0.1582594255023093,0.2739810626094716,0.17084545288104644,0.1328067959324753,0.035468807354917066,0.16959352629247312,0.11566039338677424,0.029334816689362164,-0.0739301774750762,-0.03682860725075087,-0.016275045874627563,0.05406621533080143,0.19894560576608666,0.1176263694349965,0.0429647921625173,0.16247900636092816,0.15120816095655107,0.18162778860670753,0.12180381166318967,0.24364923315995762,0.1114926703004561,0.16692621890664566,0.2916136852852248,0.15855789596785086,0.2137202645296002,0.2015542092249404,0.13961803001279963,0.21667407600259364,0.16762321649272402,0.1216096774501021,0.2441118867515201,0.1332797757863326,-0.0030132879728555443,0.13327016279831788,0.10956442819797109,0.3264511488410279,0.28175283425100967,0.14277572568023586,0.12602610260336183,0.06562869492665604,0.14731074287359106,0.11407645895296883,0.14089651382617951,0.16452564445828968,0.13102573925361988,0.14262755524642445,0.10682966416730968,0.24754650272906353,0.03403712875096562,0.18707723429341536,0.18581291903079747,0.07109570758797452,-0.008990458562762794
4411,0.24708647480226495,-0.2618948260771168,0.4032129998447044,0.8259480307384258,0.8230990468654246,0.8290478057731011,0.896453828012604,0.8840370435901727,0.8660098651130729,0.8659642286506506,0.9226447431035942,0.8976579344337068,0.0071433607591769,0.8835761376687669,0.4352909372145684,0.849048807609986,0.9071274087885863,0.8664340506900865,0.8797401963881258,0.8201747111787873,0.2781773619618074,-0.03186105714287625,,-0.2647073885341684,0.4272735918165255,-0.008279312184630645,0.24803112177429415,0.4274545689702877,0.8233938700718594,0.8364811013908485,0.877069393942064,0.8691650852513434,0.08991027684530621,0.8761811888927887,0.33641227518638117,,0.4379581925968852,0.7426739115948707,0.38852950500240485,0.8753316879110221,,0.5184771122628811,0.5916458381557027,0.07513932011412314,-0.08708372917196976,0.060519644658933246,0.15390660063637632,0.5478256736415539,0.14732855764520655,,-0.05545647724898369,,0.48158944479625604,0.49856553458050223,0.4448838098093065,,0.39632991330151845,-0.10447339718099102,0.4811146279651466,0.33028366432596445,,0.3931562457717118,0.34408008642537563,0.029153609416635473,0.0659181870640104,0.7288543741731647,0.8548211712897802,0.7300109331863714,0.2235900150167856,,0.1727653006631723,-0.020452591029432764,0.03099665391306358,1.0,0.7396287692342935,0.8799741767611357,0.8800709470506035,0.8953012019886273,0.6220677455612457,0.8481873074812616,0.8638425966021913,0.8494192670255911,0.6632480028688346,0.8114163035785806,0.8261754146906216,0.8626105085584201,0.7602921303818883,0.6536475218465079,0.8713876760020934,0.8347543242115599,0.8261154625742507,0.4803415439315111,0.511879518222302,0.8285797458625421,0.23287272986441895,0.3096041492795737,0.018655807759614767,0.4791768666691885,0.8424643208127452,0.07993804576666613,0.6566712336388408,-0.0022993574585772726,0.8200493089077544,0.3362352489271125,0.8752893110965637,0.04631459967520186,0.21526003613494574,0.6418261130599248,0.724186124128769,0.14547217009588423,0.14644853594290144,0.8269591561705837,0.8282460718416811,0.7888259218638409,0.40600574767178677,-0.21384738868716105,0.16432261846950313,0.7703485665162547,0.8002060303335972,0.7852341193739408,0.8567497851938264,0.5821582903142694,-1.4281234485623177e-06,0.8271663224827843,-0.1259903076868955,0.6295424412111142,0.8963091873275792,0.9141757823792247,0.8751786812137744,0.5859221827352454,0.4280933355341604,0.7259945113009373,0.8660814604868003,0.2563676481695875,0.8451804098575105,-0.02092731621398887,0.8653052432808876,0.007143360759176847,0.5489348029931986,0.03451059198432881,0.8764298872442692,0.4322487788382928,0.2580255569242845,0.37706811395215245,0.4292494679764598,0.13419398411344102,-0.09096290171037603,0.2718032168641284,0.5063679973022097,0.7311266949583223,0.8762264024710072,0.3725337034507129,0.8393236880780255,0.8588442406881649,0.8128211505587662,0.8687845566799784,0.7764130242169606,0.7930568578973656,0.8209754198858302,0.6046616735696481,0.8515169043142143,0.6126858125986626,0.6506253381228504,0.7817559236255841,0.6143133997377882,0.6549023092096367,0.8396367557852444,0.13926188000863357,0.857691663189727,0.8331219328054582,0.8133666294969333,0.859151328625406,0.4034119339582495,0.3292570577971263,0.8705943811038441,0.8611534993960183,0.9325285595287078,0.8643635974330905,0.8954199429636497,0.8578365524451557,0.8391519079499052,0.5130259902263057,0.7876883058413466,0.7147573761362593,-0.0914758608911925,0.45232923790015644,0.7766645943828193,0.7261219535435101,0.8488538007627325,0.7166156804834828
4412,-0.19422381519035417,-0.06253416487840383,0.5497984060259451,0.8150047826518945,0.7992829847999491,0.8257651874382517,0.6438600229883502,0.746386373880514,0.6157975437063613,0.6539999345851202,0.6915522280553548,0.7267705578982574,0.30957504817230536,0.7244683021882228,0.5651702356250512,0.6676622516201527,0.5780179373378701,0.6135360731838747,0.650564180977066,0.7403995397022652,-0.1557496986324805,-0.13439538761432648,,-0.06540614666754113,0.5840713010485105,0.004792432065362016,0.5456966123639039,0.5861740282068763,0.7263937848256898,0.7952224770725502,0.7857176753786388,0.6126533688450496,0.09808226212794798,0.5636286285298675,0.4636958110874232,,0.2632192458872604,0.4007064826374041,0.17967082704191134,0.7314449759057703,,0.5254043752199425,0.6711142161335414,0.29584496863432785,0.14949534831162398,0.36286786433649215,0.16873064344708844,0.6693812953315903,0.06527073461131822,,-0.2705887445337773,,0.18015973704801688,0.4617041526802512,0.45519597310412674,,0.14680557843429543,0.12722331159599484,0.7267646541258391,0.5117465077359248,,0.11330319026281181,0.13942228898216857,0.17782952550539097,0.1937262516507576,0.8136912497099859,0.80249707375591,0.5940392710523099,0.4598231482968139,,0.16880627094042677,0.13442260884709126,0.046396440982165235,0.7396287692342935,1.0,0.6649211589899979,0.727953857816936,0.6647861669934012,0.659341824297769,0.6832273033937645,0.567897531602727,0.6435134487631905,0.19776934657176679,0.5280170011780484,0.5230233767620328,0.6067209657297311,0.4657757761056521,0.2692407762486221,0.6802532379489826,0.5711988314200516,0.5629478037704,0.5188750195658506,0.18505906385338391,0.6367244936567745,0.044864571755059056,0.41902174772630735,0.30844783646994106,0.42666276297869654,0.6524878141782107,0.010673967054853087,0.7322503031593609,-0.016781781068423762,0.62545665196735,0.2928130027163987,0.678332357381257,0.3310559559769423,0.07559158002474708,0.43502251504903144,0.7363772384052655,0.5473530116566903,0.1389375010898726,0.5934466087113416,0.6572374267272053,0.6125693806303649,0.6697191407276393,-0.036416738391906296,0.20717081151624822,0.43810322552901887,0.3973632157561756,0.5608552328682167,0.6540212303151501,0.32624777813330585,0.2536021821983155,0.8131055278919403,-0.36041212744096596,0.17329270690125442,0.662007490183108,0.646734088762289,0.6529910101123707,0.47990898009797406,0.5946308271385267,0.7945442547386367,0.7634075115544162,0.16440942332630915,0.6029238256618733,-0.005655932812523109,0.6507920257999047,0.3095750481723054,0.7105746097384349,0.4156237738168536,0.6610531723804858,0.14309955897517945,0.3369254911859131,0.5502713550205679,0.5624397578851356,0.3430683440487152,0.2175016998341901,0.526292414806482,0.3011918603149141,0.8012160619441481,0.6202025408400245,0.44648734046455407,0.6279090883597624,0.6731384341947785,0.6502260088727643,0.6117924531728626,0.7199445355905177,0.6757049385397087,0.6243515565729149,0.5900577494118772,0.653104146159532,0.5673722764317094,0.6857492579903727,0.5570390164634211,0.6453198696249485,0.7586858222601403,0.5972579325176831,0.2498979110235345,0.6123704835788477,0.474944423270281,0.6468365036084566,0.5563531965631353,0.609846808971646,0.23419140591182794,0.7386362692138555,0.6134355077015984,0.7108493578953247,0.6853840622132074,0.6510367027245234,0.610580083226786,0.628812249405298,0.34993592640180704,0.5421731396603022,0.7088749128637396,0.02203876316005136,0.45416496823954944,0.7429091095626157,0.5773374265176078,0.6211137372252626,0.3072477549059159
4421,0.2386925029554508,-0.2369196399744292,0.3474091297126425,0.8665993068852685,0.8449797919357368,0.8775927590359356,0.9673468772242808,0.932497105526069,0.9424559085298048,0.9294497201669374,0.9468029157057626,0.9317517344983939,0.03859663012458891,0.9331810754468753,0.2982676888610475,0.9284361045881987,0.9118901510056775,0.9319332462180597,0.9458582322742211,0.8252531804274154,0.24621251221008597,0.012199739156810283,,-0.24454318798280197,0.3714751492451168,-0.046271475490955026,0.340380043520375,0.47419689547389404,0.83257242342307,0.8836848003816726,0.9005037757398043,0.935085348581288,0.07068886291195713,0.9132029119375787,0.3864967261482224,,0.521144599501585,0.8252765427904083,0.47669897795122285,0.9227479593640117,,0.5424584951998395,0.5888577183225188,0.011955854950019617,-0.19063476312933128,0.04557340507949269,0.12842502175344767,0.4952387572329303,0.07168204761510741,,-0.1243828685229964,,0.637610468940881,0.6165375224668906,0.41923024866204756,,0.531184480179243,-0.09952677788450319,0.4635795871991213,0.32607820530829174,,0.39964103992376954,0.37312946248448764,-0.019558825741470363,0.07712006981201425,0.7768750188475517,0.8772167978797291,0.8476393053459926,0.18595646211951042,,0.16615905995805666,-0.06004300007612327,0.11815540666168128,0.8799741767611357,0.6649211589899979,1.0,0.9494369190843559,0.9139141429215097,0.5166993766779246,0.913098160528273,0.9057603328064056,0.9397507524301403,0.6565652811378823,0.9451966735270625,0.8891145956099243,0.9695118668575949,0.9117023187814353,0.7604489099103072,0.9233026345774986,0.9508461760638012,0.9548379143455875,0.46543169031405746,0.3912403865675939,0.8860484157460201,0.10202321607100691,0.25298990405506133,0.012696660107455827,0.47051352060788537,0.9106023004324988,-0.050996177922657655,0.6629958636342181,-0.09523772549724832,0.8401679485486525,0.13927009035740293,0.9135616300528685,0.11431409039934967,0.21941518919857386,0.6904098890996868,0.8376128373344989,0.15639309455995953,0.22342514128080831,0.9337255696086418,0.8922488572120524,0.8082695426362243,0.5598256017771971,-0.22274532967897545,0.16100291904565872,0.7725545659464509,0.821838099102557,0.8355387710521953,0.9437803846806013,0.6072871316342827,0.0906955922703255,0.8913540634786314,-0.21073460334997843,0.6039326417076194,0.9287520658596273,0.9149903985421459,0.9451381635522341,0.6478938508318589,0.3695705149549028,0.788682896703876,0.8981975233944137,0.16853029360777422,0.8611359819527677,0.06843453451685416,0.9156820176138578,0.03859663012458882,0.5684021521034018,0.13597806611265445,0.9199907433066464,0.4392284680663519,0.2468703927337061,0.3581257588082734,0.3826667721339196,-0.03482485729386414,-0.19289793296991967,0.18334891039688236,0.5321735914265837,0.7216068942263412,0.9401332198108263,0.40201205774580645,0.9303843375365078,0.9435777323527951,0.890716049957852,0.953916658542016,0.8778200572219719,0.8265311170232297,0.8850079210911159,0.6440000474266923,0.9399553231200136,0.6138159103671879,0.6761202045536419,0.8724097983138852,0.6856687811120007,0.6406548552036637,0.8868752810304553,0.35696124798006235,0.9237212947722642,0.6958148263090952,0.7288344574432615,0.8961749409752652,0.4880027065448465,0.42028747212078293,0.908614390017549,0.9158240331263757,0.9219453695743883,0.9217682803455929,0.8984769251838296,0.9127929267141867,0.9160531114182594,0.5871900372384103,0.8766042322170796,0.6898151398688196,-0.13734407417700462,0.42429722006988185,0.7630467168245414,0.7749302534393511,0.9376006373823272,0.696707130558068
4431,0.230122851812502,-0.23926384173787427,0.473972276096065,0.930153999873043,0.9261350164960382,0.9330149493861851,0.9691284200796549,0.9805003543416744,0.965648789688056,0.9017805482490746,0.9667027345994947,0.9790769427236616,0.03833532742006419,0.9744606781314753,0.3906098810407839,0.9675423771961749,0.9052738455985844,0.9570255231823309,0.9667193731633952,0.9105705716898802,0.261103408246896,-0.07811353116544797,,-0.2496402068297865,0.51613330886107,-0.08151542667761857,0.4190561917371185,0.5234400279218254,0.9069630690872669,0.9404662514159422,0.9450406873946773,0.9514342574254969,0.08252284807120572,0.8801428359900746,0.3796460917223066,,0.45866968844555905,0.7502759631163103,0.4597359651689935,0.9770558813897298,,0.5533163639909288,0.6984401728770947,0.05189748575122873,-0.22361919219103762,0.10705539148620663,0.14582647678426455,0.5846480856774048,0.11348461366332502,,-0.20515719404051336,,0.5615650732210968,0.6237810515865999,0.47907381721043946,,0.38458948096118334,-0.08518784393492987,0.5962791125005323,0.4489462269467413,,0.36264996886676654,0.41103940179008863,0.029606372459329018,0.07196669224716441,0.857920560971071,0.8930564599334867,0.8739002608029707,0.3134233361103093,,0.16793679843987191,-0.01890720662236096,0.16078155965493285,0.8800709470506035,0.727953857816936,0.9494369190843559,1.0,0.8940753394894574,0.4892134071416808,0.9576049573891364,0.9203280613707662,0.9722793578424833,0.5790564073894998,0.9183234492983671,0.9215076676258324,0.9405005588117351,0.8504054230503303,0.6997849901357779,0.9402912071934196,0.930387347674809,0.9151542432356382,0.4950532914553025,0.3908194867145093,0.9269292044267688,0.11728523602175099,0.40612972433186845,0.10861830059612766,0.5191766581923127,0.9261482662723739,-0.02207124416992099,0.7091442872578922,-0.09226936756353456,0.8144011079432767,0.11869655392075808,0.9608732659356102,0.16768780035334202,0.20983742857504745,0.6912477270762815,0.9063620899867871,0.28364762134410815,0.18119792480430513,0.904998486456711,0.9131235439019552,0.8391170566640316,0.5996577565576902,-0.21821759476252708,0.14505114658215001,0.8301216295979035,0.7746203211635808,0.8999701732646912,0.9341794202034975,0.5794168254255445,0.04571638809084593,0.9236319749100079,-0.28153703528804885,0.5084433809629063,0.9502170886713542,0.9221875604493767,0.9613781274735036,0.6065865545712059,0.3886007592582864,0.8270819822131932,0.9535865079853428,0.18347640665462492,0.8520538888843243,0.049539080287489046,0.9154831828977512,0.03833532742006412,0.6692007152943198,0.19914960499223078,0.9579578275594809,0.367650046652771,0.34643244554068997,0.4492027140586493,0.43225789507604906,0.05131740167965747,-0.2039173901154931,0.2664857239233601,0.5506937613385089,0.8165395486530546,0.959240086983587,0.3961017838723509,0.9574040071576565,0.96759701863532,0.9481891480849337,0.9358442343261586,0.9355762765713712,0.8672647323264727,0.9433032494374985,0.7242244577036341,0.9639680941224018,0.7587444847154838,0.8038745904099114,0.9013418154732891,0.7776941046813697,0.7715791345199382,0.9092414230974525,0.3295956735319696,0.9476133162993365,0.6732797974449686,0.735766186695785,0.9050430810244969,0.5978607451452723,0.47418318580340024,0.9446950292772135,0.9479257576276873,0.9394401666055895,0.9708048711380547,0.9176304906829027,0.9511244971954076,0.9517818019425575,0.5457057613420823,0.889932258854819,0.790112417731488,-0.059152056032678736,0.45010238775878986,0.8641795393648484,0.8313060705615144,0.9320731011361783,0.7063955410927627
4441,0.296840113887901,-0.26366594782928093,0.2845246803820174,0.7839172660033944,0.757963012295942,0.8270867776826547,0.9389683943892637,0.8662068839138884,0.8921407772540682,0.9027819534820268,0.9037198234403492,0.8622708278024824,-0.013775187996073492,0.8615635362518566,0.24794353866853394,0.8510640979382967,0.9149829319389192,0.8844771457278037,0.8986569604341652,0.7385912359472911,0.3124497167759312,0.06621027915953834,,-0.27973355506083525,0.3293031714257101,-0.06640768193707808,0.21893191170665538,0.377898747395892,0.7817254784814042,0.8026164505967747,0.8373785900451349,0.8983336830523156,0.07644821724446466,0.9112626231470258,0.3347534431643941,,0.49860756652110655,0.8400574850118607,0.3629384495131823,0.8567454048344477,,0.4981991938768658,0.506811961055253,-0.05362636459526705,-0.140001653909634,0.004188360666205659,0.1400833567279198,0.4522630877175296,0.11848902896947053,,-0.06795791098722309,,0.6565860832113054,0.5378836990741457,0.40187058915106477,,0.5741985253101793,-0.08099027174100766,0.349809922351368,0.26351480747203876,,0.48901551173197877,0.38103943879343904,-0.08957941132265805,0.07100646520379894,0.7003012666122758,0.8630319926807198,0.7722641669288866,0.11473097827171484,,0.13106234490101792,-0.055975562026502154,0.03822854545093649,0.8953012019886273,0.6647861669934012,0.9139141429215097,0.8940753394894574,1.0,0.6505743533135508,0.8953319698789067,0.9105239400664051,0.8878856850580651,0.7474139492750613,0.8900410114935005,0.8484193319155239,0.9269904970225128,0.856129080507698,0.8017213019854308,0.8911851759419422,0.8976611149694241,0.9070370955255542,0.4087131502118344,0.4537985520601051,0.7997212310860888,0.11566903721186118,0.20226077823996436,-0.07993274949446073,0.4392208192998013,0.8446468737797641,-0.04592124397883901,0.5560733889516086,-0.04353113229702169,0.8406566950531865,0.14297737701870783,0.8505669737045568,0.025033534426450937,0.19321548617044887,0.7040883261330521,0.7391302853095889,0.030176471023893273,0.21174101670484255,0.8886479750074415,0.8134941973141894,0.7750362136922198,0.43121239742803363,-0.19970273493481347,0.24293696897652045,0.7382192065849569,0.847104184358735,0.7879875038781227,0.9114997399559684,0.5918724432108232,0.09459886844019115,0.8141914238790746,-0.1084388127972858,0.6589537567693426,0.8838026781613909,0.8962430245802381,0.9000115743760564,0.6392596116797639,0.39657997064347145,0.692080758332172,0.8152005390787344,0.22708839171794643,0.8376358700293256,0.0341970507266088,0.8738425530213674,-0.01377518799607362,0.46811634456361967,-0.021774473751779617,0.8599608637544828,0.530103299965661,0.14235184048871768,0.28250825315024003,0.33316224034231373,-0.06466062549327185,-0.17457811635082665,0.1350669765229925,0.5503323288001815,0.6361925890296763,0.888875545511013,0.3383516690103221,0.8588976838717785,0.8818464077155784,0.7994082424614882,0.9066637875543198,0.7907882041379144,0.774944264725469,0.8047862300170494,0.5141064118873405,0.8645116333358972,0.4938785489072628,0.552550579494789,0.7844685477658933,0.5908627564326248,0.5200641296996842,0.8385106168023414,0.20770826670116155,0.8595746933172039,0.805844762119439,0.736038485980543,0.8697527585803412,0.32610085162860664,0.29085899328487563,0.8373219554296588,0.8647942330384022,0.9095401912239811,0.8686319844102862,0.9045921843751192,0.8719265874189032,0.8482478600477165,0.5569690973218888,0.8096489694471528,0.6279850984613838,-0.15715356124806726,0.4046846342994304,0.6728828193289608,0.6863308246303924,0.8568409523321022,0.7276150394688089
4442,0.03361833491219094,-0.11162763043143865,0.2916182077160159,0.45073157014923243,0.4651097878008636,0.5463943058709829,0.5035275164708385,0.4692416993920062,0.40860843295337596,0.6147039630751014,0.515152472348102,0.4698209729875195,0.2567662946751465,0.45521227339356396,0.25567855799465955,0.39023146968642797,0.5097768942613559,0.40428569799812153,0.4390296755693295,0.3871066472892918,0.04459555723377055,0.07538394683106985,,-0.11306252207990919,0.29015381569250553,0.1049180420603067,0.10003045605935619,0.2788665553723478,0.40295172495078274,0.45586984676031156,0.4968428768089054,0.443152765504825,-0.003994283445667394,0.5016938326468605,0.3737232402680315,,0.30284039713901556,0.4566677109530232,0.1733712802869854,0.4635658517769103,,0.3952728635782156,0.3111804453324788,0.11345067803843019,0.26264352689606424,0.039279587105931324,0.11791133568696355,0.3199151469823552,0.07006383409514799,,-0.0143404093536083,,0.34033412649966666,0.33466119854445636,0.18056848911055737,,0.3910727338574608,0.1610281201695904,0.2973181751947935,0.1550117598812337,,0.28753224556200824,0.06877816599003982,0.030766542321448685,0.15898735495142063,0.45738149378920084,0.661373695538652,0.35473534828794506,0.10618662674355432,,0.11044898555119341,0.028014637967551357,-0.1556721804833768,0.6220677455612457,0.659341824297769,0.5166993766779246,0.4892134071416808,0.6505743533135508,1.0,0.4424185473571837,0.4963776099257394,0.39874939400903187,0.4308565191313481,0.40954232817071884,0.39033596146066946,0.49352150031800085,0.39068757580985386,0.41650747979981817,0.5170588706969809,0.4763372964910268,0.4533313409358642,0.35328071720294313,0.2552638417105503,0.36036801282772807,0.053705145112199794,0.09571420233095518,-0.005946151760870227,0.24710174342488558,0.4351615834250044,0.0030906574214922067,0.37756338940697554,0.11519889849453131,0.596341522306831,0.38166439313293044,0.41799085297540595,0.049218444070649715,0.07537542939742714,0.37160150458302693,0.37453263817682886,0.0999317529735587,0.14930511490806042,0.47556483634919217,0.4036840007756433,0.5403634895215013,0.323462101900112,-0.0719092705991001,0.3513781374241966,0.20735123059955926,0.4952002578632878,0.32293475798210763,0.5386920165159238,0.3698477737981461,0.4103373686580607,0.5462234426913798,-0.014531956391002188,0.48540730896839784,0.47388908670454916,0.4791697437765463,0.4340072728106047,0.4665445884652474,0.539569331987182,0.4176333027473164,0.47209965890594224,0.14655401277827204,0.5821108192892434,0.03502066725545045,0.5658812949448402,0.25676629467514656,0.3353314045217612,0.05016262269688612,0.419706928166205,0.4139777360465772,0.07250647311983041,0.19922443221567543,0.34969608054735035,0.09400409891376152,0.2547060773395121,0.33733261335315595,0.3133060470110664,0.46990068099859283,0.42030936766481114,0.3291165967109879,0.38623089027871155,0.4160051524331197,0.3350807138837918,0.46042554837120914,0.41923495961424634,0.44110467592278546,0.3328598976216938,0.19626843183101986,0.40399821661424273,0.12557179274895622,0.23707825699426724,0.32693334449748584,0.3006703652246437,0.24900806660481964,0.4392340128150564,0.051050285509149064,0.40079149844771544,0.593430046146229,0.6513533178941112,0.42936198741316234,0.1427903022810039,-0.058151519069603266,0.4484371461813784,0.3848191812592928,0.5218084199517532,0.44362347728652773,0.57332903685853,0.39041001318450536,0.37620264773586476,0.2938165582269103,0.3399232649170669,0.40085679846076805,0.009505164964131362,0.37252935588776326,0.3638743957310584,0.35029156194787653,0.40190897020515365,0.38075774807338697
4451,0.21022742009569512,-0.23127832076318783,0.3841445809791339,0.9076436517284348,0.8744879140218398,0.9069966354691716,0.953826837239044,0.9469214252732591,0.9463645005416964,0.8344182866734314,0.9243707186542333,0.932362126289524,-0.07455799232337972,0.9500386839381003,0.2749259060811324,0.9412406185224647,0.8881004417322482,0.9591433119914535,0.9647363835461408,0.8653905138144032,0.24994165385060843,-0.09215598169724694,,-0.254666897605854,0.4685732625245995,-0.19693171995161896,0.4159153472430202,0.4825133243680934,0.9157424956522604,0.9190494745946679,0.9044525276657238,0.9475054447453323,0.09630876142541515,0.8624965935833291,0.3201391662651208,,0.4285675334525573,0.7179663304034768,0.4241455275888964,0.950516184823095,,0.5480135252011415,0.6724280305053666,-0.0016099576135483321,-0.3001339525767164,0.12085019949152595,0.14212945283800532,0.5614430462298247,0.12565608897423555,,-0.17846789268324512,,0.5504020716452499,0.5624069103232039,0.46633046975334114,,0.37986036479640595,-0.1461651459528662,0.5277508402875557,0.4313091779325185,,0.36951163528795766,0.4447565483994961,-0.009987444969051275,0.039000435923063584,0.8240473148460543,0.854207522592888,0.8705720533452741,0.2797163761118263,,0.13718402249930864,-0.06420311253386071,0.1559743636518965,0.8481873074812616,0.6832273033937645,0.913098160528273,0.9576049573891364,0.8953319698789067,0.4424185473571837,1.0,0.91375015091563,0.9754143965922034,0.5741219888534436,0.8934038268385401,0.8858763120963592,0.9119294957018107,0.8261303197909143,0.6979750306660456,0.9403140911610771,0.8913239550189296,0.8902765676021421,0.4625990630882535,0.37309292360509716,0.8992198467668182,0.09715291558065645,0.39073587824106304,0.08131711542081531,0.5440821587133587,0.8964246214286904,-0.05233167602203353,0.6535827153320561,-0.127190469223705,0.7424233555065348,0.02869059197888251,0.9357111949454255,0.13246263481173826,0.19011552161104642,0.6838069225358785,0.8719931259207964,0.22828060133052006,0.19094620673410392,0.8803537944431569,0.8850142917698056,0.7400972378492371,0.5372249443280042,-0.22093924754354427,0.06188508979318635,0.8494127853288597,0.7170273798608244,0.913311741044835,0.913795806349667,0.49522352014571974,-0.047179478135506846,0.8783988037004297,-0.24151935537802707,0.4381656593143657,0.9165289091207939,0.9127056576154213,0.9496319455820718,0.5618535563697287,0.3294996179791534,0.8029782031821355,0.9009508601430578,0.18027171713258996,0.7593778418450716,0.03315471453262518,0.828983364329373,-0.07455799232337992,0.579118155788204,0.14793306141017865,0.9490622153692698,0.35148142203520233,0.25523776815682336,0.4094583019097804,0.4261378999492216,-0.0610353641627412,-0.30080649385173197,0.16570303310204212,0.5319400556129342,0.7208763621600479,0.9441641631582683,0.3255374524476094,0.9315667132200895,0.9523165316505392,0.9195602587536326,0.8941876461214933,0.8910890194321762,0.8651260156988458,0.9169536547865276,0.6801469152567238,0.9338770688815734,0.7442445086554782,0.7871708131594232,0.8848847320996693,0.7750505909959984,0.7386788334215167,0.8912110423932502,0.30129045776876323,0.9288263370015986,0.656881481489882,0.6573647096348062,0.8832397213080551,0.5736388170778687,0.4868629081321111,0.9325261893044385,0.9437516572174269,0.9267296036566459,0.9546565949387168,0.8955628898578647,0.9648700325368066,0.953304194484397,0.49033405212936293,0.8886084389460714,0.7855461279173337,-0.11651178890554358,0.42162447400861824,0.8148127871000925,0.766393456843605,0.9035447951779885,0.6581000894816678
4453,0.4481699671612971,-0.35174301125256857,0.31711849981638773,0.7681433103831017,0.7751935603200979,0.7939114953871277,0.9676244998465509,0.8937599975413244,0.9528522267266535,0.8776114055056401,0.9359414550047918,0.9072507901914656,-0.14751178791700154,0.8970616823637811,0.27329447714569277,0.9095004458805338,0.9533754458634162,0.9461956219028342,0.941711232433962,0.7879711426780076,0.47568872240901805,0.006031635491515886,,-0.36450017559906633,0.357991747266003,-0.10387755418491797,0.14700587953229927,0.3272045541233936,0.8125801142734693,0.7946393083124627,0.8228679209356057,0.9489361734395159,0.057635847205763646,0.9252378588603295,0.24586410191754823,,0.49320863079797683,0.8408983648896171,0.4584049765927466,0.8891229737888936,,0.44653220685891004,0.5153461898099102,-0.10904317846587111,-0.3108952940647973,-0.057665983886227845,0.1354983348945977,0.4288796248149192,0.15358766822164752,,-0.07175593278225964,,0.651649051214564,0.5291891056140618,0.3927791576221584,,0.4617022820545289,-0.18335425339878147,0.3358208287690014,0.28194801590726587,,0.4818044210569659,0.4730890214073544,-0.07610707939254502,-0.05674082502120956,0.673072049780258,0.7897432392368826,0.8401852592398523,0.1256710062388093,,0.08986444968318012,-0.07549307879982249,0.11988061140256476,0.8638425966021913,0.567897531602727,0.9057603328064056,0.9203280613707662,0.9105239400664051,0.4963776099257394,0.91375015091563,1.0,0.9372003587227042,0.7770208023702555,0.9340890821157094,0.9499588794072211,0.9423788149938678,0.879008602095439,0.8593733718144213,0.9199518243812645,0.9295600828745275,0.9158280654786338,0.34070531883154437,0.5173521577454383,0.8708497706912547,0.17225009110148773,0.302507661897043,-0.09914781935637883,0.47442369501261844,0.8794997909964168,-0.03100904584415613,0.5266814594795676,-0.05274022151517402,0.8133423658776715,0.10107337953291166,0.9133072413313464,-0.03774907019048279,0.2579979454385183,0.6964092907951239,0.750958782925309,-0.015112590886555623,0.15283281005652832,0.9104966631828889,0.8519201478622404,0.8183048152764478,0.37461956209847685,-0.2997545896477949,0.17427881298495304,0.8554061543302849,0.8884102543484591,0.8915393536058286,0.9122080871428406,0.6120688399016868,-0.08354012259259669,0.7739696847226114,-0.14705426900788804,0.6899536630356543,0.9175927713065832,0.9320421845315833,0.9336525452533646,0.5902789234501856,0.27349880619082584,0.6580001078505453,0.8413967975374813,0.21430390524272055,0.8431560926202394,0.021175166585867506,0.8809914707200168,-0.14751178791700176,0.45744184180450276,-0.045056675140095905,0.9154615431383567,0.480699009962359,0.21813711042542716,0.26425471798040673,0.3316141697665156,-0.05541556108825056,-0.29675309964107094,0.13841742492097978,0.6139293398466663,0.6686635844925481,0.9392206729667156,0.28063628724135276,0.9216111291947892,0.9152729916198856,0.8717846878953035,0.9238631602647118,0.8136631153476768,0.7735869418553856,0.887602274328594,0.590381824367179,0.9172611169137158,0.63612491761387,0.6352009689116868,0.8479542273265719,0.5971493159361403,0.5736999578645094,0.9109708697799643,0.19482225550842713,0.9247860056042658,0.8062759394480229,0.7215553213783799,0.9300246171295233,0.33880964046642337,0.3613000934790006,0.8595029507539952,0.9369512026285091,0.8991718285774022,0.9184655138706869,0.9219944385957803,0.9419080105237994,0.9116196127457245,0.5524007552345769,0.8732445114880801,0.6812062151048313,-0.12064233581457118,0.38718373029483205,0.7207828921556804,0.7573332113487827,0.8972525665706147,0.8235621044225766
4461,0.2853495214711201,-0.27574774409153224,0.37271228440982707,0.9003243220436105,0.8781592156705416,0.8905886461658233,0.9790863321350353,0.9657107569554482,0.9816023396130011,0.8597061229033268,0.9508488936815387,0.9601221304459506,-0.10150785305996526,0.9696998786739326,0.2755346454175654,0.9794522221468901,0.9242050560343796,0.9865483084856511,0.9887838527563163,0.8891653421221473,0.31362013561457086,-0.06010863963866103,,-0.28975002904577074,0.4271518855710039,-0.13159701484192676,0.3666239523501637,0.4688920689495577,0.8990756530373661,0.9154789267699809,0.9163082770710571,0.972724995780511,0.08959720513276807,0.8999413987971351,0.32431808085849856,,0.4566610438583086,0.7736382896642826,0.48318692110232325,0.9655605247907586,,0.5290027227452858,0.6536432341132523,-0.008603985533226995,-0.33577655589731464,0.0596278746308547,0.1264795936388632,0.5350401430998443,0.13412079318812326,,-0.1635537184484487,,0.5889686574708624,0.5911259172628386,0.4363603377897909,,0.41031972465075806,-0.16521554984941295,0.4992524320860498,0.4113789167105209,,0.393676890234172,0.464648054792081,-0.020953378204594725,0.0019441055596104684,0.8070327664210312,0.8410757395396732,0.8964300056578502,0.24527423667603318,,0.12819097544686547,-0.05712760231026073,0.173399801471548,0.8494192670255911,0.6435134487631905,0.9397507524301403,0.9722793578424833,0.8878856850580651,0.39874939400903187,0.9754143965922034,0.9372003587227042,1.0,0.6177658226864974,0.947139873321514,0.9337487189136378,0.9521066217454951,0.881137391483137,0.7428083077130483,0.9574578249211505,0.9389813039516552,0.9322883326339039,0.4441811988582484,0.38507730401713947,0.9315769951307392,0.09404358304491035,0.3535750430434288,0.05178055846572915,0.5236876885108327,0.9325324589251932,-0.0795894288621817,0.6544133853113243,-0.1310795587065214,0.777762826098271,0.03598260229844869,0.9654779700910228,0.0911240646214282,0.20831526946322954,0.7146047593808509,0.8725394592807615,0.1813408633731054,0.18338104759734308,0.9198596789090631,0.9261106219214121,0.778454958937205,0.5253878269503712,-0.27431117850379116,0.07254651145262964,0.886931781495541,0.7764534370307073,0.927701256316216,0.9263072974555351,0.5389236981406995,-0.08228816217408133,0.8724356065794723,-0.2660282067871111,0.5015521530434652,0.9414712119191806,0.9333758625508373,0.9735309276521651,0.5815441699315516,0.28646277004386256,0.8018310353230376,0.917974268536531,0.17266027979422563,0.8001322361897335,0.051693072723150636,0.8720334692463111,-0.10150785305996526,0.5800678045453684,0.11857489644908194,0.9720854616113834,0.3855163533902569,0.2725731502698027,0.37868938676680225,0.40061378080963594,-0.0711990427534287,-0.3358692765218664,0.14162973833933076,0.561124549815717,0.7295712207466359,0.9797101042586547,0.35443889734563483,0.9775769671212318,0.9825717132613834,0.9591302668922069,0.9452585040426176,0.9079026633833033,0.8647701720122636,0.9614833807765496,0.7059049813433346,0.977764538092343,0.7625238938733174,0.7935267404485299,0.9275053098811099,0.7606269102184194,0.7270563752281122,0.9228737843762604,0.31999798668797025,0.9694422103190389,0.6708001344861982,0.6660427627183203,0.9214747356927097,0.5625306330035936,0.5164007682123267,0.9431283207821826,0.9765295542778174,0.9350134098899087,0.9746712369549174,0.9169189295134382,0.9819000006247612,0.9804888235638987,0.5289898985642365,0.9319371002624564,0.770221818514,-0.10313718624605307,0.41410488284142255,0.8346226608772357,0.8172049204664708,0.9481148151103806,0.7137727744397713
4471,0.6165473590413253,-0.46083821419562504,-0.07094633798543488,0.32712021938328945,0.32443061811333707,0.4031200231744377,0.7262501209581351,0.5241655752650742,0.667583418368984,0.6893360583281781,0.6492931297834387,0.5557993092744713,-0.3447275068103824,0.5358546774763276,0.04064768557372596,0.5686594369856762,0.773841728579228,0.6645416688651681,0.6536938634457119,0.3548918139003804,0.5906838522487863,0.2731428187344411,,-0.46968446408767456,-0.10049848331571987,0.07942540812709294,-0.2646560752987375,-0.08533202963362486,0.4262798326495182,0.3699492654419687,0.4509562220239345,0.7047166019253729,-0.060654327190261155,0.7811850531572285,0.06660743579949605,,0.4728836810226923,0.8256257166140597,0.34181891659412705,0.5123333295498027,,0.14806011155735402,0.1106889652936933,-0.32241036494907466,-0.27383485655846396,-0.3388516672455004,0.08137244845477773,0.029067371532522965,0.1819224878520835,,0.1856570834681673,,0.7138094337932264,0.2655025095928188,0.11124553375983327,,0.5970672147127276,-0.25952374776868664,-0.19959813373873406,-0.09708685349092834,,0.5976684600974334,0.41080746047399724,-0.20881881156505622,-0.1818950538273514,0.234955207772832,0.4876109323931248,0.5699790649720183,-0.29355424296196775,,-0.0624697155677164,-0.16171590395299845,-0.09886315958787274,0.6632480028688346,0.19776934657176679,0.6565652811378823,0.5790564073894998,0.7474139492750613,0.4308565191313481,0.5741219888534436,0.7770208023702555,0.6177658226864974,1.0,0.734589961771413,0.7080722207819632,0.736335508414866,0.7266136269440716,0.8888272497403561,0.6469840946101375,0.7139128704130092,0.7336100232750203,0.09128903588774075,0.5144270505579471,0.5446729979867418,0.2216426562362916,-0.08137651039366363,-0.4669297639447092,0.31957112814183614,0.5975173509085335,-0.08124629948268094,0.12843917357961748,0.059472544311902076,0.6779490791575367,0.10666802510508476,0.5753157333251432,-0.38901263898952754,0.2018017883892282,0.5372216341874216,0.29300054809034126,-0.5219883458728022,0.17233542475349214,0.7138499544893798,0.5212385099736655,0.5739647772527579,-0.09347896307238007,-0.29918490941783366,0.19714572761778026,0.6142417426188123,0.9008393648920305,0.5543411574685833,0.6699990118712748,0.5282527157212926,-0.12586760789016588,0.38278750627758645,0.1332656916070403,0.9006357960478824,0.6184583870482002,0.7126813930551786,0.6600779726698175,0.47472539362134747,0.11083247009649236,0.23686589647137515,0.43786084262945085,0.2523371982002965,0.6615149926356367,-0.05447365824508211,0.6697550597924945,-0.3447275068103826,-0.018600625478131943,-0.46155786314756364,0.5957461439922921,0.5787280014352745,-0.06474527001590485,-0.15441195731095914,0.05264145784762749,-0.1837900086342259,-0.28017145155870854,-0.09541589673435986,0.49393331639542576,0.22180381758395035,0.6708635625685961,0.13020374564770323,0.6120986057762908,0.5997743919422687,0.49973238233183204,0.7099528854439974,0.4006865902061864,0.40453959428781855,0.5453919544553633,0.17733382712296222,0.6017304729416862,0.1614843643726377,0.12776406147636113,0.5536181911981101,0.12518226686720602,0.05560764570688708,0.6514227378342569,-0.061740691670586864,0.6401247007493996,0.7796580657662947,0.5278417981427511,0.7159790209949621,-0.22737938458943371,0.037754757319131235,0.4929623161917113,0.6526899953727565,0.6501834255035691,0.5754014554523945,0.7067727796206361,0.6409494112650963,0.582656932091643,0.418030158991981,0.5968601743442798,0.2512753143681731,-0.2974677359995383,0.18628430676406163,0.2618169238874329,0.4288411817000734,0.6373988975227551,0.7607794650591411
4482,0.37883039397848817,-0.31104990440931574,0.24963962836334813,0.7748673821257336,0.7644570217833054,0.7892264935126033,0.9701807104899219,0.8903603779182737,0.9600158737269561,0.8793919929187005,0.9162547816497224,0.8925445209892213,-0.1104997155616325,0.8941969196618532,0.1871192225380068,0.9242954186749794,0.9304743066262898,0.9448814400685662,0.944001075753407,0.7764534201869622,0.3836905405773606,0.04351082118713799,,-0.3194644902060105,0.2767009670616655,-0.07021587431894222,0.21240865278609278,0.35787143123278436,0.769029865665744,0.8011082714383727,0.8248908777330727,0.9408857813676611,0.06694825358515676,0.9361592708074894,0.2667130321998787,,0.5433075228552819,0.8691755304388762,0.5045668502219712,0.8857775514329712,,0.4442226558163882,0.4797422042565891,-0.09115551792134965,-0.2996357886548862,-0.07795952956799249,0.0971200164857699,0.3926211357039127,0.09589510956123226,,-0.11127180496190252,,0.7198042045056313,0.5943574326067755,0.36267232099744423,,0.5737141411635797,-0.20195211361530044,0.31963878577259847,0.26760819545964,,0.4545304422816899,0.45869664048744074,-0.10276681842973326,0.007937509494525173,0.6696607257126644,0.7897203372159092,0.8524501307750211,0.07230162580174582,,0.10627890945633059,-0.0832159563481981,0.14716711490919934,0.8114163035785806,0.5280170011780484,0.9451966735270625,0.9183234492983671,0.8900410114935005,0.40954232817071884,0.8934038268385401,0.9340890821157094,0.947139873321514,0.734589961771413,1.0,0.9294724094312243,0.9827853399888411,0.9678201855218077,0.8607478946461158,0.910989971764849,0.9752001029882962,0.9745495710948158,0.3502789708055944,0.41838250702993557,0.8653590207753676,0.06740718354559888,0.21032229477083375,-0.06588392938067698,0.4219973386135735,0.896921677775298,-0.09317556025144741,0.5383055750599486,-0.11899798509047879,0.8137306579170491,0.04903131265266219,0.9015084853201529,-0.0050983636886933244,0.21642244426023466,0.7031487715498653,0.7720676403733636,0.01414450571691547,0.22366755209684241,0.9486325089734955,0.8818782227986498,0.7881091581926559,0.4545983409825922,-0.2756554445851569,0.15303790291316943,0.8253498228527546,0.8642673253886357,0.852989254162368,0.914148580571866,0.6149212373744751,-0.04432115324228989,0.7852440682225933,-0.18697939863179866,0.646397015383958,0.9050345781406703,0.9045112933112975,0.9345423105553052,0.6367635489478919,0.25357420990115437,0.6861624825388614,0.830694651190446,0.19100793795289517,0.8188131632723327,0.07216806707429067,0.8814412636261126,-0.11049971556163259,0.4743609405428663,-0.0026938964676689364,0.9022772750485887,0.49144869231312993,0.18949822598389535,0.22208323926532328,0.30361618520952205,-0.1480958826353086,-0.33630987547770963,0.061883664906681346,0.563207407064884,0.6157165060511897,0.9484045838305762,0.3227425037992086,0.942939050852702,0.938201740338355,0.8865725739697254,0.9624827262165886,0.8310831181594094,0.7865169446803711,0.8961046952560906,0.6050962813850165,0.9400542829932623,0.5922304511299196,0.6215941001710307,0.8852067589338332,0.6182597482554483,0.5323617666103283,0.9036983181156226,0.28026431074522257,0.9340585797866222,0.7059926392379297,0.661766544550218,0.9227639558611785,0.3823485284480673,0.40641412035716873,0.8650790992865468,0.934112979999281,0.871886663859357,0.9101922854896435,0.8849675876638496,0.9214847625370713,0.9189235490803207,0.590737076006969,0.9074497929598334,0.6324421842675986,-0.13420719296778308,0.3494448593481578,0.7022412106641094,0.7853343549955607,0.9357584125122288,0.7497896354464425
4483,0.45485965292861447,-0.32643675014594153,0.3656231994084142,0.7769573521245546,0.8116410419610728,0.7773100243479683,0.9514121292395226,0.9058227515148778,0.9607875358176511,0.8624158570281838,0.9360417960921035,0.9264956623951064,-0.12221893793366795,0.9061082823968016,0.3190389112642357,0.920769991349597,0.9285392158509805,0.9423330289970966,0.9324811018291036,0.8262761757401361,0.4829317767822112,-0.023167132589197694,,-0.33409485195310473,0.39806990459709074,-0.10644482446859942,0.15491000834212654,0.3769528140340067,0.8101799629914365,0.8031527132410218,0.8307653178697118,0.9360257886838665,0.05353587863696962,0.8914360647113179,0.23012517851771092,,0.49471612910243423,0.7841965924950026,0.5405397845494301,0.9051710531512931,,0.44483752658643283,0.5612486179824976,-0.09834078286498672,-0.35402129261813364,-0.05811342057194028,0.12567524445013897,0.4451351486127518,0.1661807869229494,,-0.10573158659273806,,0.6492369795337866,0.5312584066185229,0.39605985634647034,,0.37549153376917005,-0.1696497870906031,0.40765130002220396,0.2979708980252404,,0.41604657522569877,0.4925672950412077,-0.05100867598559494,-0.06302040468988136,0.6717434936237838,0.7614455118546704,0.8175758845746338,0.1598104060660092,,0.13114239284598972,-0.07238322945632915,0.17228275557280165,0.8261754146906216,0.5230233767620328,0.8891145956099243,0.9215076676258324,0.8484193319155239,0.39033596146066946,0.8858763120963592,0.9499588794072211,0.9337487189136378,0.7080722207819632,0.9294724094312243,1.0,0.922835733488751,0.864558636450645,0.8145418332580927,0.8944917899201484,0.9292346247479919,0.8967521760156751,0.34960875952334675,0.4980468185258081,0.8967055750471568,0.17395400016421572,0.3603061567886148,-0.027434350136162945,0.45328979201623765,0.8927894355616305,0.01346944980951249,0.5321758557908939,-0.0825279677998218,0.7961777028814033,0.10916283426107369,0.9245268760448149,-0.017511616949796725,0.3194325680782334,0.6934228164156487,0.7749127958240233,0.0524203868089857,0.14380380206156818,0.881495584992218,0.8827158043378236,0.8535253731678646,0.38400995615499706,-0.3201125050190531,0.12619810447868834,0.8856609021192577,0.867700927411818,0.9092798983297568,0.89007652917368,0.6328415760546946,-0.10920859216756434,0.7710355648677073,-0.16742385398213272,0.645731189425587,0.9241816569123921,0.9058970310961447,0.9288890317256269,0.5576147907423653,0.24383489096329744,0.6449402607045072,0.866649852267899,0.19563253466687244,0.8532438109426155,0.08444754392547917,0.8929291256094394,-0.1222189379336681,0.5179791887340685,-0.008760815113490316,0.9231466720105136,0.4365971180433525,0.28039761865290425,0.26226745503395865,0.33400645296793025,-0.01128814634549312,-0.2888020011905389,0.1839653770236064,0.600621455988035,0.7030580210156925,0.9404627347933004,0.27663386311373933,0.9288829310217225,0.9112362417798621,0.9011969915248936,0.9119163610598944,0.832632826783407,0.7856856036482751,0.9164983838690022,0.6496504670670604,0.9224012076033206,0.7147994083978279,0.6975938836820197,0.8790118079395904,0.6299658302458554,0.6173159624310167,0.9168052108158318,0.21312314170852517,0.9313107734600384,0.7402130312530664,0.7009169816514523,0.9238991922639662,0.4079426284954002,0.43236197069640536,0.8527183753110108,0.9364995861910753,0.8737263134760337,0.9236413621428545,0.8953347671994696,0.9348318406090665,0.9170402230685654,0.5446191096590706,0.8845156723917287,0.6849885979061252,-0.09375195912579544,0.3813408265269132,0.7660462996910156,0.8181616177884248,0.8975273002749083,0.8408674824387875
4511,0.34783573954365415,-0.3073740078100364,0.2940449804056926,0.8140733425367032,0.798937306024506,0.8302053263913656,0.984344664374937,0.9159271346560829,0.9645965181581841,0.9118435690683194,0.9405544626503011,0.9171199699627681,-0.06529249352313764,0.9162503079137779,0.24191063881517233,0.9334185941499422,0.9447164401372219,0.9511054656312341,0.956860326390855,0.7989787656593191,0.3512653457547577,0.058391288971159104,,-0.315180036145323,0.31384419503354294,-0.04091197440824543,0.2408009935312576,0.3978264390708776,0.8030122233982806,0.8374147919045868,0.8612842113158444,0.9550472231772177,0.06522759511649055,0.9480147282533478,0.319466122865025,,0.5423197482432903,0.8656698184048175,0.4936952675292433,0.9077679869569198,,0.48361855961921824,0.5195233923179046,-0.06254941406155241,-0.24915769400320872,-0.035520778308618085,0.11487141404584239,0.4368480366396698,0.10200669406499766,,-0.1339626281861935,,0.7068930101760219,0.5980676834658124,0.3848792704094787,,0.5703568918228791,-0.16994123605706,0.36396866715302423,0.27977431743159253,,0.448557022394439,0.43466340229331246,-0.0791951462129579,0.01924777296563116,0.7114922548398643,0.8420680250187715,0.8561955647651281,0.10444607057033495,,0.11269352517152248,-0.0779178449000243,0.11075741686517844,0.8626105085584201,0.6067209657297311,0.9695118668575949,0.9405005588117351,0.9269904970225128,0.49352150031800085,0.9119294957018107,0.9423788149938678,0.9521066217454951,0.736335508414866,0.9827853399888411,0.922835733488751,1.0,0.9500849880692636,0.8436911382718695,0.9341589907411983,0.9758747012903828,0.977016227739583,0.3958587576890858,0.41609074159285037,0.8787435788336184,0.08777304202929921,0.21731835221120901,-0.06258230087257251,0.46987556069773,0.9104430298585202,-0.08467283474346411,0.5794527669379231,-0.09333121071679044,0.8469980986556833,0.1042614243489371,0.9145845125588392,0.013849331782062367,0.21153049899148052,0.715316381676315,0.7965052777789152,0.044831031201211874,0.23049704705614346,0.9572105501956965,0.886591216191739,0.817679256718682,0.4827905129595347,-0.25519018806858373,0.1742807731814955,0.8139314670782354,0.8732433768797544,0.8496881611694082,0.9347768929359219,0.6159520724759824,0.008693554121825856,0.8285237485528403,-0.18409791446622809,0.6616392288808453,0.9226809101350191,0.9304474244178992,0.9508535635469147,0.6555472660282067,0.3236716278001239,0.7277343182071905,0.8592529264868352,0.1909691087065193,0.852704273742563,0.05049814524225204,0.9120029035474088,-0.06529249352313775,0.500712431270881,0.023490780956863667,0.9173944421767797,0.5033884068460669,0.20639236459517346,0.26019530871177715,0.3504970538648579,-0.09589258042444818,-0.2646676851360538,0.11941905044808951,0.5679024078035898,0.6621307890202357,0.9570361264588806,0.3676057377262027,0.9464484635131403,0.948897347995877,0.8930402724645311,0.9759999210244611,0.851665467852839,0.8127107674544087,0.8981974761934232,0.6082371961406797,0.9481888493918008,0.5970871356208861,0.6370596131199304,0.8820323016421407,0.6439151542949777,0.5701286639292401,0.9081722550734919,0.2922300574846785,0.9376416999213759,0.7401826975945325,0.707894125344681,0.9242310102619967,0.4012335493040116,0.39082151440775625,0.8908668474793091,0.9371396129149979,0.9111829222924508,0.9247720654031824,0.9097171341527028,0.9286398563731569,0.925325793888241,0.5944749930455355,0.9011096580059381,0.6551318523879286,-0.14668233211973689,0.38304346472504736,0.7275176187592959,0.7850373645783794,0.945818119386976,0.7545917149768995
4522,0.3401505685202062,-0.27247234217777166,0.18715495631981152,0.6998154799305921,0.6776162467492484,0.7240761751999168,0.9186377617935211,0.8167556686456072,0.9000133052666974,0.8435302088109379,0.8568606828262827,0.8116679189088865,-0.08466492085848222,0.8201052564821294,0.12544351095178546,0.8516972559900144,0.8820773701567756,0.8773338295360397,0.8802765091415233,0.6849933805439387,0.33053939992664816,0.09091308414103495,,-0.2804281927828188,0.21007011834027275,-0.06630760181858894,0.1804117938768317,0.31131813200338676,0.6879246823031289,0.7264400793104961,0.7592504221829434,0.8760567866623925,0.07108384874075972,0.9078266946749131,0.24852992408858784,,0.5666678310167781,0.8663818704425428,0.4764957701054947,0.806617197032841,,0.4038715446402193,0.3702681512416731,-0.09734361061092342,-0.23355639246035076,-0.11842802045672986,0.08360418526275812,0.3210804130418535,0.024698846238807276,,-0.07786850856281369,,0.7100284352522805,0.5582864372376825,0.3390010511867205,,0.6524461081061335,-0.18809364653493435,0.23453886577488678,0.18070977740354682,,0.46128816749872975,0.4215296130046677,-0.14875811944122533,0.06852308085369349,0.5944716127433776,0.7378583831347806,0.7915289795769961,-0.006527165509590123,,0.15326359450708854,-0.0677730484010038,0.1508686450616345,0.7602921303818883,0.4657757761056521,0.9117023187814353,0.8504054230503303,0.856129080507698,0.39068757580985386,0.8261303197909143,0.879008602095439,0.881137391483137,0.7266136269440716,0.9678201855218077,0.864558636450645,0.9500849880692636,1.0,0.8612508946370337,0.8418703887633529,0.941183939954086,0.9558010969069752,0.32376523867350837,0.3868890127360519,0.7801517240647748,0.009371380183219095,0.13041932731538758,-0.09200204082249915,0.3255336159929382,0.8358544976671902,-0.08148080764584047,0.47794226098407305,-0.10462474326863194,0.7773151427317315,0.026676078261660213,0.8241387889646199,0.017293983120434325,0.17584356380247823,0.6828560649786479,0.7048568739780521,-0.03145333249775168,0.21904717765537432,0.9111141662396555,0.8273004246394815,0.7328850406301819,0.4325077805000846,-0.21285636431424995,0.17804256706577581,0.7371525954768442,0.8315778714058731,0.7670476860772276,0.8698063745992237,0.6083651390100333,-0.009105872933967099,0.7274588565680721,-0.15440468625695675,0.6491525599316981,0.8512326432374577,0.8412267622957014,0.8712778870483976,0.6406830677728581,0.24276279441912257,0.6249442689545232,0.7521586948872904,0.19086019077626898,0.7753030918271061,0.08299781062252269,0.8294427074132298,-0.08466492085848229,0.401648446617401,-0.02182909516030662,0.8277762473909389,0.5391759263782755,0.1174318886942701,0.18510273377941694,0.27813508075711085,-0.1873834208384883,-0.308991497429657,0.02178804232496636,0.5250040419449437,0.5273359829417733,0.8823605487043904,0.3274447667018298,0.8775671209022562,0.8802280279135877,0.8039133743642667,0.918375079761324,0.7580737076028884,0.7294434095059541,0.810376862639545,0.5334297495665196,0.8725701779117837,0.46620882691072707,0.5067605570815191,0.810689542319643,0.5418649361769766,0.4231258227944304,0.8491878524798857,0.2881680213764368,0.8700091665982292,0.6746572824611264,0.6211137290267928,0.8747871011091338,0.3061429875109613,0.3496691000576771,0.8021066900848481,0.8629392037548916,0.8126395030853205,0.8360963927384083,0.8229384758375757,0.8476042715951756,0.8465827227490187,0.5913007472872801,0.8547243806021658,0.5514612125578643,-0.1691921675712757,0.295616237895683,0.6063180362039924,0.712112867429704,0.8841437575113718,0.695820153655921
4523,0.5684043762369643,-0.41885034750268374,0.026079612819879132,0.4423077806211649,0.4494845996229817,0.513206583760123,0.821138231916827,0.6373130526827417,0.7844195325569121,0.7568167524926429,0.7228444226232884,0.6535834429962649,-0.24721140000503278,0.6404269283104502,0.017570854736914138,0.6869063435251361,0.8265910531662437,0.7634649677992383,0.7494283780508145,0.4623268274370168,0.552562608234633,0.20065660528971893,,-0.43372490709082007,0.03682776515268248,-0.05079467938811545,-0.1272795066914281,0.03724438810945521,0.5097031535233446,0.484369738559931,0.5362395685657596,0.7855698698956822,0.00695625504691941,0.8355157812289783,0.07751434388038812,,0.5492231502677455,0.852998374606156,0.414096106638741,0.6256326319966419,,0.2499711636020328,0.18661546595250308,-0.2889272795947457,-0.2875769406231166,-0.29743890472232315,0.0457088667694071,0.08410664787012492,0.10235268830794199,,0.07144930555602526,,0.7843394680366548,0.4103750442897712,0.212686454029071,,0.6187787932857772,-0.21929926508335673,-0.05868547774614338,0.016317129060682754,,0.5414644751373563,0.43886084045023266,-0.22344091851373063,-0.10614267792114514,0.34577976903774943,0.5742760216231972,0.674900634509147,-0.19190406209144997,,-0.014766948321754021,-0.14462411614370035,0.06302254519997025,0.6536475218465079,0.2692407762486221,0.7604489099103072,0.6997849901357779,0.8017213019854308,0.41650747979981817,0.6979750306660456,0.8593733718144213,0.7428083077130483,0.8888272497403561,0.8607478946461158,0.8145418332580927,0.8436911382718695,0.8612508946370337,1.0,0.7299458125326627,0.831124398346998,0.8478579303645336,0.11732030743118566,0.47222189402784287,0.6355294021290999,0.11428116268827547,0.013326619542503046,-0.339631288844991,0.30556422409144146,0.6827744518797147,-0.10297372579426624,0.20117610130549082,0.003532668890273235,0.7229079059009192,-0.01675658553777516,0.6765429980393977,-0.24398995320052677,0.2251996000539704,0.6131255225570743,0.47648544022973927,-0.35617821595696464,0.18463151390778085,0.8092608760741588,0.6392677084271756,0.6613193098706288,0.14802521674167934,-0.25820598171101233,0.23983019140540543,0.6655398026066676,0.8949101387098506,0.6747772568750325,0.7670260871818397,0.5571928744950772,-0.06322923975834877,0.5023971404279098,0.011977094425876895,0.8010820256048105,0.7028347974892352,0.7547294134016594,0.7468802104400594,0.5716389080808398,0.10781341635877083,0.3525774285857819,0.5584755524894915,0.2382766940248057,0.7141341992505719,0.04116701108074267,0.7307285030404473,-0.24721140000503292,0.15106317113166942,-0.311763743420857,0.6836025948899617,0.5620243855384464,0.014557247441232515,-0.0697807026384614,0.1036478500319147,-0.24786177503099666,-0.3333491524623467,-0.08272892477737087,0.5278045531172274,0.3468807367236319,0.7593316478857578,0.15549659158104792,0.7301114392937752,0.715695481661847,0.6228825476971416,0.7982680970724146,0.5632360921472455,0.531693176476246,0.6530015027745126,0.3190034145479856,0.7165851002835525,0.2768052839107802,0.263594585844469,0.6613300805706935,0.27850614158933606,0.16548788885007823,0.748965393008301,0.09739199152972566,0.7359958304440958,0.7410765101801456,0.5595779821865529,0.789627801125189,-0.03195192376543673,0.16414219845589328,0.5989922851010403,0.7467949279168778,0.6794365450219744,0.6913231820420735,0.7519794958018154,0.7384553045444616,0.6979616509057698,0.5393614359188502,0.7114503941534696,0.35845065298510587,-0.23087816564411562,0.2022050013390505,0.36725121096023877,0.5492367325023646,0.7345427799335165,0.7667904084316576
4531,0.27947411932820365,-0.3204341339119172,0.3325161984539215,0.8809659863907519,0.8441416992928609,0.8683079415070255,0.961025076228531,0.9401634901529453,0.9491969808390323,0.8459834279171802,0.93921015908118,0.937069106386519,-0.15106732083634672,0.9525350538999466,0.24598302252470247,0.955835239163674,0.9300079010157554,0.9683668038381394,0.9753631841104086,0.870522442960779,0.3117547302488811,-0.06648169453766645,,-0.32799019633737053,0.36601801928560457,-0.06433955136180584,0.32399440985774713,0.415797485901502,0.8781034227897783,0.8989963205113839,0.904930708315478,0.9545123310633893,0.08231292288087574,0.8980282997182922,0.3352446372365237,,0.42741092726369906,0.7791256598346965,0.47856747522333165,0.9419960678413558,,0.4973299139885092,0.6289884881149351,-0.009255816873397884,-0.30747566812001853,0.028480759911785412,0.14900436291233654,0.5437876054581263,0.14546371961336615,,-0.12923544125772612,,0.574175432787464,0.5486322061945891,0.39939814009746494,,0.4038915261050796,-0.17153242965655086,0.4499602034218566,0.3721071902321959,,0.42338944615192564,0.43776942053004775,-0.032062284950841534,-0.05806581339981293,0.7854155374942181,0.8449597759392459,0.866627106059841,0.17898122425712007,,0.08644845109220185,-0.04143216410848751,0.09462741364681775,0.8713876760020934,0.6802532379489826,0.9233026345774986,0.9402912071934196,0.8911851759419422,0.5170588706969809,0.9403140911610771,0.9199518243812645,0.9574578249211505,0.6469840946101375,0.910989971764849,0.8944917899201484,0.9341589907411983,0.8418703887633529,0.7299458125326627,1.0,0.9134224721557823,0.905037316009944,0.4634650549509332,0.38384713599014114,0.9216283733662709,0.14058047344256638,0.3092804251971536,-0.0009973448810042943,0.5481620988677294,0.9164325290720466,-0.11450775181229508,0.6360564849359465,-0.09741880751724634,0.7748961642763288,0.12591933795233295,0.9476378257010519,0.023520890196430774,0.18727994078043717,0.6931521649042557,0.8076926625761172,0.12174272396060153,0.19173961444790558,0.9053615908076813,0.9069045891731935,0.7578283007694219,0.47774281380870504,-0.33476856083582,0.08333585957819345,0.8577987119293691,0.7794513756512622,0.891712777996172,0.9031136422552207,0.501404751720535,-0.09144001682861164,0.8502851794964025,-0.25564504233587715,0.5631882587033009,0.9213314426178003,0.9402177411174735,0.9509575442151065,0.5875292016148757,0.3096921186195883,0.792553368968646,0.8815340653336253,0.1736977987376618,0.7878517752556852,0.03019143673621134,0.8629350341837092,-0.1510673208363467,0.5323761618415546,0.062200586549942274,0.9612559136139495,0.4121452414593773,0.2671052706080705,0.31880204782484034,0.40780158874286854,-0.09960903928741992,-0.31406088943975974,0.1441436053176895,0.5579005690745135,0.7058585014680036,0.966775935378039,0.3777492082662046,0.9549592414020106,0.9601585661333241,0.9313704794747336,0.9348055042994073,0.8689218827931307,0.8596620900825058,0.9359533835598958,0.6576054377319484,0.9600275312097889,0.7287701004372494,0.7681871486426556,0.9057552995984773,0.7371466016415406,0.6926839602996373,0.9088640066011662,0.2479653650408082,0.9581671572684122,0.7090625726320411,0.6858664259164131,0.9021047726922208,0.5211138099525481,0.44953291286630526,0.9335906198137747,0.957509850947167,0.9466677711769467,0.9557176104030166,0.9335683705241137,0.9596718109894411,0.9594290171616057,0.5093785125875496,0.9145120345286146,0.7638811623549889,-0.14416377984886714,0.43811660976530925,0.8195304155775012,0.8015519528968892,0.9238104583007409,0.7065356435640066
4532,0.35923430590640987,-0.29867014892861754,0.31820144327118177,0.8032844027184869,0.8090919936369437,0.8184643349820561,0.9700195939277784,0.907392623099013,0.9554520576973963,0.9028536912827919,0.9315726599621769,0.9129111393833892,-0.04036488259978038,0.9069824420883369,0.2300985797402593,0.9235104980738785,0.9261545981048324,0.9381094285644148,0.9421706253381072,0.8020780644613548,0.3658537891397022,0.02858777176605059,,-0.3031172593105438,0.3346545385741685,-0.03665160789984641,0.23840467451660746,0.40255815380851834,0.7893736598478805,0.8262366336826985,0.8562962443227903,0.9361775890182892,0.05894923628838243,0.9392954011500606,0.2990918572243419,,0.5396927976782648,0.8524509466061836,0.5144694066023617,0.9063829113027175,,0.4762497707480858,0.5062230382637575,-0.0510489987331237,-0.2604182230875197,-0.06126018205584685,0.09950976379072622,0.42363974496529255,0.08908074840919813,,-0.11111990733719151,,0.7019944495490932,0.5870172059276942,0.4057040582450029,,0.5490923520833999,-0.16330324655185047,0.3922450890331348,0.2869941049842264,,0.45211295075407176,0.4510184488165677,-0.09932687406973523,0.005090189045202367,0.7044881178871659,0.8301784615325092,0.8352965939680203,0.12981112004885723,,0.1280392755693768,-0.07641718446908112,0.15069110307937053,0.8347543242115599,0.5711988314200516,0.9508461760638012,0.930387347674809,0.8976611149694241,0.4763372964910268,0.8913239550189296,0.9295600828745275,0.9389813039516552,0.7139128704130092,0.9752001029882962,0.9292346247479919,0.9758747012903828,0.941183939954086,0.831124398346998,0.9134224721557823,1.0,0.9653431014756347,0.36532142758341374,0.3979928151625036,0.8710439371111718,0.06768460152015864,0.24326264830600827,-0.033601491584202975,0.4461121075894384,0.9038198242713573,-0.06127278398880106,0.5796402872365115,-0.11194208084076929,0.8382146165670349,0.10285964605164165,0.9081593320826504,0.015773758625702614,0.21966003739360723,0.6919759745849433,0.7892653088019567,0.06972871820379704,0.2303649039844821,0.9475838682925266,0.8840391341590225,0.826761836929878,0.48061045748890757,-0.25780203742689756,0.16856049154813885,0.8106234665632343,0.8616184594104347,0.8427408944923491,0.9203392497670649,0.6433083207241737,0.021960536845453356,0.8150822026286474,-0.1966775986902954,0.6434781843485201,0.9161947842343161,0.9084586757851226,0.9322461407590598,0.6314127938856344,0.3278464475562351,0.6971093874500651,0.8604464090447514,0.193713646844553,0.852338652320874,0.098933832886515,0.914704945704631,-0.04036488259978045,0.5196680361688509,0.039540562922454614,0.9058272529040623,0.49360770100576057,0.21918518697181055,0.2442250305466966,0.33034652198058045,-0.10529249379948766,-0.27527960262146667,0.12318930390152207,0.5608543152861899,0.655331847498436,0.9443835687557988,0.36062292531130025,0.9362843532565859,0.9330325839301495,0.8911985851500592,0.9592623158314547,0.8520822659690405,0.7951507157443919,0.8960484142746771,0.6236354932492356,0.9382681835291969,0.6143325556750616,0.6473954078258766,0.8858330805117635,0.6534240498356867,0.5604135487098233,0.9042404504164973,0.29368394470341086,0.9325266360920306,0.7069473644013127,0.6996928561513278,0.9118040237378864,0.4218555403413278,0.3902054432630585,0.874180898309368,0.9264926003518897,0.8894485866428846,0.9183911441128033,0.89470576116512,0.9137683255339661,0.9155854527796319,0.584248679568676,0.9052804424528165,0.6489136975165805,-0.0986751449263662,0.3731528717848603,0.7343358596782564,0.8071049267765456,0.9300986910078356,0.7581813314060886
4533,0.32642802111297503,-0.2958564569358337,0.251635117482507,0.786545874805384,0.757367627851732,0.8126313703950782,0.9638176697414839,0.884493811868505,0.9406188834039069,0.8964088501775445,0.9115508707909823,0.881394754206243,-0.07145152880627924,0.8842224980850926,0.20570431788959362,0.9121943003670339,0.9142619679123668,0.9297949495522327,0.93537846750163,0.7618028322162819,0.3254313338761898,0.05355573531162411,,-0.30681303355878387,0.2762915300746694,-0.047787080133746516,0.2740384655325575,0.3645520192020659,0.7637766958425655,0.8071067799700824,0.8406024709157884,0.9278039109867964,0.06697313863083043,0.9407207746608621,0.3238050023079515,,0.5502107467838696,0.874706073636268,0.4685838586913336,0.8753339316043433,,0.45990162707339344,0.49034836275423965,-0.05163874473790678,-0.2389433295522013,-0.046931298079474625,0.07273077509670992,0.38548932288015486,0.07545036872566317,,-0.13094060607413324,,0.6844153480234769,0.6040925082407899,0.3594982650466131,,0.5926293990129565,-0.16376773531745722,0.3190197238113371,0.2784377615047246,,0.4600481949438267,0.4192548085839707,-0.10976851920700195,0.050123228000203586,0.6959940770700771,0.8098832951975827,0.8547366013662564,0.07688429129970395,,0.11576414000696025,-0.0767482240370937,0.10816288144386187,0.8261154625742507,0.5629478037704,0.9548379143455875,0.9151542432356382,0.9070370955255542,0.4533313409358642,0.8902765676021421,0.9158280654786338,0.9322883326339039,0.7336100232750203,0.9745495710948158,0.8967521760156751,0.977016227739583,0.9558010969069752,0.8478579303645336,0.905037316009944,0.9653431014756347,1.0,0.36976113033353414,0.3812155103811539,0.8476955409810818,0.06924092512520438,0.18408454106381897,-0.06757806970180964,0.41487485839609417,0.8868365859264487,-0.10327523957996762,0.5546106336999547,-0.11548020049168091,0.8250256257296419,0.04385641335452678,0.884913724734828,0.01196141055647929,0.18768679010385053,0.6891791905840867,0.7791268086653587,0.028884639183404438,0.2262435058685981,0.9455554970332339,0.8589300259073153,0.7763570999785534,0.47875346088421117,-0.2285365880273148,0.15608391006388994,0.7807969256010651,0.8483682116093513,0.8202115778552471,0.9205472364686509,0.5819931690261235,0.03344738180491628,0.8153971142308657,-0.18402583535081526,0.6384517942467057,0.8978261520286791,0.8970445125892247,0.9335917769436309,0.6458644264735984,0.2935136061713171,0.7179761004387414,0.8294733034645828,0.1827064280276718,0.81536918418464,0.07899187135696784,0.879779552331269,-0.0714515288062793,0.4730986130611836,0.019942886068135247,0.8853008559248067,0.48749252991150577,0.2013752005740877,0.2435216881717008,0.325441557098391,-0.12313874918676807,-0.28830564160323685,0.08192913372445249,0.5463460744339316,0.6164042500737671,0.9343334378721833,0.3412022631773116,0.9277472880290262,0.9373276081308559,0.8653009438372807,0.9597106850266629,0.8330135173724127,0.7774051993177041,0.8682369547927242,0.5909095895858609,0.9282921104778845,0.5458253196553338,0.5965606104981017,0.8638824560740359,0.6214773908507614,0.5350545888149301,0.8852007296230537,0.3260904542669765,0.9204321236622731,0.6913507267025742,0.6656983246074636,0.9074021301855809,0.3808469640671105,0.38097540839214994,0.8685880067067326,0.9170182626763683,0.8828006626715267,0.8987905672755706,0.8882049083529182,0.9046083307246882,0.9030194376463501,0.6000255623710583,0.8867312245130037,0.6199545263956366,-0.16129344717506844,0.3448418230199811,0.6861227569106819,0.7586898098908591,0.9343892719019459,0.7137356700137317
4543,-0.16862424446058102,0.13121686693786788,0.36673758844809345,0.5884578589880296,0.5629183847137328,0.5937325088090513,0.42527565729683525,0.5220416561045521,0.40111616972155023,0.48614720731953925,0.48874452794812506,0.5106244557479211,0.2949415678977274,0.5074851485518285,0.30506419275599583,0.4537360913994187,0.3557255080162174,0.4066968874474525,0.443286596034768,0.49294782686724875,-0.1538445897002801,-0.12178416523642209,,0.127444911959413,0.3852669995609173,-0.023714628365517118,0.45265941085422595,0.46778925515373376,0.5168752337513112,0.5681018682315415,0.5806564855138908,0.42752657984231446,0.07762916893502261,0.35065526034112937,0.36587366208958555,,0.06173807531215024,0.25133296471318406,0.20488383481388237,0.5025020189880067,,0.38112879771801145,0.5028264148309951,0.26426244609834554,0.08076389860077039,0.24533428929806672,0.1157386356312554,0.4931945808444338,0.026765649234511357,,-0.1098529071702496,,0.06750972018545896,0.329217011132352,0.23986727684718215,,0.16691773233659837,0.04390752377433666,0.5359694261619076,0.32928073978323114,,0.05879932965815878,0.06592216824957813,0.19061661505918295,0.29466157353491595,0.5938599693769593,0.5627688987402002,0.36582836160734733,0.3597529267404313,,0.3190194092646012,-0.04272665488319972,0.01110912564219016,0.4803415439315111,0.5188750195658506,0.46543169031405746,0.4950532914553025,0.4087131502118344,0.35328071720294313,0.4625990630882535,0.34070531883154437,0.4441811988582484,0.09128903588774075,0.3502789708055944,0.34960875952334675,0.3958587576890858,0.32376523867350837,0.11732030743118566,0.4634650549509332,0.36532142758341374,0.36976113033353414,1.0,0.10101194290910549,0.4214420470794416,-0.09488005230153128,0.2715542218698073,0.21081770637389222,0.24895111255213576,0.46171261493659715,0.08015542477402815,0.5038415446090538,-0.06339955510471254,0.38266156246098887,0.1701318256824539,0.44970894542576517,0.3392869012108253,0.08479020918621555,0.3806682941979754,0.519542384170793,0.376819580991346,0.07504708057959601,0.35535359822271817,0.49918089767647644,0.39883365875729115,0.4447917968353938,0.03303358208110667,0.14734843340465595,0.26983454296567033,0.2346630688074751,0.36677050864051675,0.4853630695965422,0.2546541255338338,0.19889203993013144,0.6091620439543557,-0.09638341793192555,0.10334778430847585,0.48297948822701464,0.4118978476785813,0.4519950374329461,0.2665985376395717,0.3876769896073543,0.5778707251002903,0.5550015380162286,0.036330757210442384,0.4631773739877756,0.07235990290016511,0.4682263244952895,0.2949415678977275,0.4993759947075076,0.33279317844627787,0.4584111286762067,0.15753261387417142,0.23030476922006565,0.42486933893136675,0.3212989821561329,0.14907397218061114,0.1327137337262644,0.32759770740372396,0.06907118694975509,0.49855649913110583,0.4215751529614358,0.2820934784959723,0.42507868835507834,0.4601137410885095,0.45225736787471327,0.40631831263272383,0.5006536125745957,0.5302589848182663,0.4266123825562651,0.3881542837360015,0.4443090541380567,0.3965852269281728,0.47533539912302913,0.4029964404691534,0.5058176525332393,0.5128768238799642,0.39757903638071873,0.3726795242869788,0.4073451311271081,0.22115659656727507,0.3856632805542732,0.38376188135216244,0.4894228923634574,0.32732523949121994,0.5114588851329456,0.3907729971691294,0.49667322456578716,0.46660410670980523,0.4195425794482883,0.40695408305137665,0.43164089941309625,0.19999298264205773,0.380604899512349,0.44224713264636806,0.004155301808878089,0.32235272740123666,0.4970151619198951,0.33405567092351174,0.4109255271179812,0.17713677285221352
4811,0.4395634273959921,-0.16072380089691574,0.11253759380801885,0.23662376093481943,0.2862501928196538,0.24864879086954847,0.4447405441242955,0.3718806810981213,0.4326500866471616,0.42353066804676326,0.4582747725518926,0.4110856965690754,-0.08364430281315921,0.3710479298652614,0.2347463802065697,0.3681171195034635,0.5104506424199592,0.41669666844426473,0.3988369811198855,0.2977058416673472,0.4789239603231316,0.020451268448296193,,-0.1637664247466974,0.14983743230630692,-0.1217917904615573,-0.15720271402621572,0.009911607992239996,0.31587354368034476,0.2515456338288586,0.31904013427549877,0.40933129922878214,0.008293532108035922,0.45424009587727193,-0.06938644191109075,,0.24881662293333226,0.41772209108741093,0.17916553074634847,0.3530248202586606,,0.17358073835447474,0.16076827824458065,-0.08229540098013084,-0.1219143567115197,-0.12931402014996438,0.032030855572933885,0.1892469113063701,0.20608013804055983,,0.06444087687704238,,0.3996714081550959,0.191390371258408,0.20881550640527452,,0.22186849197371658,-0.09839431723582866,0.042969218828659554,0.00875205586545136,,0.2809167086947186,0.27299899343097683,-0.012980523011979357,-0.07667388910953005,0.13579395916382322,0.30937763046350286,0.2737560424938423,0.03182079174383699,,0.14434465705597074,-0.03421926996204124,0.06468212936241954,0.511879518222302,0.18505906385338391,0.3912403865675939,0.3908194867145093,0.4537985520601051,0.2552638417105503,0.37309292360509716,0.5173521577454383,0.38507730401713947,0.5144270505579471,0.41838250702993557,0.4980468185258081,0.41609074159285037,0.3868890127360519,0.47222189402784287,0.38384713599014114,0.3979928151625036,0.3812155103811539,0.10101194290910549,1.0,0.37330345111968993,0.26232867673212606,0.1472979715974092,-0.17592743951433365,0.20261897172414864,0.3570916858888495,0.19977289901671835,0.1117526914417651,0.1160384503255044,0.4163900231091196,0.233666142079264,0.4060067397145317,-0.16567218394431457,0.25231091017422747,0.35925622519684136,0.22365666144252117,-0.16248123983516996,0.047983162574878405,0.39033095830650094,0.33286560133715803,0.47017327305420475,-0.033399277436962006,-0.12968640599302633,0.1908833583654477,0.42690305752763696,0.5476923304975096,0.4333238278475853,0.4189021830995715,0.4429771452891729,-0.11087221466529798,0.235382701594739,0.04179984568794223,0.5466635012387717,0.4377692087869379,0.4711184597057284,0.43945945069648135,0.2591583220419982,0.14095005533166702,0.15154929671136358,0.3728592823657035,0.18709427923211744,0.49000560859721537,-0.08506220545239115,0.4281753832239454,-0.08364430281315925,0.12550330775790444,-0.21955914317958075,0.38889578404097125,0.25228299985531366,0.11303966380024502,0.06636503271378241,0.1411050443921342,0.09956131989261362,-0.07914127791843573,0.11089705184421038,0.40959115000055196,0.3079339252647725,0.4139085081159577,0.012765385370306893,0.38429859166212144,0.3549785919848616,0.32508911330198237,0.43505563978625394,0.2702138260129031,0.30483648791626355,0.3589153238212601,0.18392265105443034,0.3736752618481199,0.24053683303541276,0.17633364196131715,0.2999612508964465,0.11791731539154834,0.17304599097414347,0.4276265548347052,-0.15010740894736788,0.3779684781268881,0.5981148778704234,0.4764446447218646,0.47376565859307973,-0.050951169608717435,0.08434283793182291,0.3348840093449498,0.4078751849096704,0.42648046530375505,0.3686557860544769,0.44100797107111767,0.421970101617861,0.3618311866024306,0.33289008403949616,0.33902846297392064,0.28851270825746844,-0.06430375475848586,0.23792575281434425,0.26123281003902377,0.2807074952918381,0.35511260502341613,0.553243169258117
4821,0.28291132484994425,-0.30602411339942054,0.4120786407269899,0.8863746294590008,0.8689818246213223,0.8511658040233088,0.9152618888077939,0.9399954025933129,0.9369872491226086,0.7916598534946248,0.9200014330445991,0.9439899507654609,-0.12911545629625512,0.9482646432099137,0.3391954517423961,0.9560110951756827,0.8708203862959873,0.9401340691399233,0.9435968128973391,0.9038730546089642,0.3100194802687865,-0.079860118154274,,-0.3067349001669415,0.4336226949370089,-0.0397132179647093,0.35027683007089516,0.4720249541838873,0.8810351065293077,0.9064018656549948,0.8913237902452384,0.9238341539788875,0.09324556683208884,0.8394608595766387,0.2805879779716946,,0.4003152214479642,0.7130134492880099,0.47890552942955167,0.9369873354225009,,0.4763331974015096,0.6762922112598313,0.026136209335434583,-0.3642648627242235,0.13721468663847025,0.18511312492095727,0.5774062280368873,0.14577097728308003,,-0.1627234169107021,,0.508857390357997,0.5574456819130671,0.41413421359166086,,0.25338747582524057,-0.13482648022472293,0.5284830038365238,0.3892608042881298,,0.33362193485943,0.4068776767629998,0.0500732894477997,-0.09376958824502624,0.8005042767295885,0.7991218736466581,0.8511474553286974,0.2950794356577381,,0.10074731582933401,-0.02127144484798626,0.12930715630393338,0.8285797458625421,0.6367244936567745,0.8860484157460201,0.9269292044267688,0.7997212310860888,0.36036801282772807,0.8992198467668182,0.8708497706912547,0.9315769951307392,0.5446729979867418,0.8653590207753676,0.8967055750471568,0.8787435788336184,0.7801517240647748,0.6355294021290999,0.9216283733662709,0.8710439371111718,0.8476955409810818,0.4214420470794416,0.37330345111968993,1.0,0.1850453199578626,0.3858883171299886,0.09348568472344536,0.5540057889442316,0.9063188649615134,-0.04035993708074961,0.6596939286654115,-0.10125191459776828,0.7121976518410661,0.1132680757007928,0.9495632264055641,0.08479673174184625,0.2024714561623512,0.6223857612058799,0.8307668228170567,0.2142988804946953,0.1458155455816015,0.8686563355951504,0.8884694761004548,0.7571398143759798,0.5133329986050836,-0.34250300306587267,0.01600141820033379,0.8816051633411419,0.7284095953660104,0.8836743409650788,0.8401905620349486,0.5151927450277489,-0.13692380471399324,0.8279033015847821,-0.33954910554137097,0.47288796141023653,0.9078559429884007,0.9070033750295144,0.9306541896281765,0.5387009597107548,0.27241048851044636,0.7875862355694041,0.8910277901968637,0.14542570670338636,0.7518470867815223,0.0499741621595534,0.8433435252260918,-0.12911545629625515,0.6041166563698026,0.16243975452858314,0.9504080763459233,0.29848924387796755,0.34217448995476024,0.3603979317124414,0.3936535182565762,0.006105198399854718,-0.3175861786002921,0.18911945445038206,0.5330951096178785,0.7432759841969954,0.9483537918614783,0.3644856167535601,0.948408181582434,0.9396085415589704,0.9531867743689066,0.9019516542389363,0.8683781510868704,0.8357385490799245,0.950000331315851,0.6996194436977561,0.9508231034280145,0.8145164485189591,0.8247918875087862,0.8990353370956038,0.7562798602235665,0.7764893999927167,0.8898343163129907,0.2458752727521629,0.937783876770838,0.6174779244540948,0.6189103190328699,0.8908413115608105,0.5848301373936624,0.4762286886559404,0.907436874667957,0.9412682201251045,0.9127137960285698,0.9357555332091286,0.8816005798226255,0.9360556854969163,0.943273133530904,0.512468529709438,0.8745797131835644,0.7706199317180411,-0.1054342116190399,0.3994219398133503,0.8648665357150129,0.8232814648347605,0.9090466828472887,0.7063499473297876
4831,0.20778899658034333,-0.28026891644390617,0.0903422183644595,0.055725363104054154,0.06670242540308362,0.029529391331401263,0.12657563158281226,0.11359081764330507,0.13204249843575708,0.10126965691615548,0.16631370421171854,0.15404469858515565,-0.21469185039678468,0.13136397196121183,0.20363250169844904,0.12350824804770923,0.18324811134493577,0.13758382712777845,0.13011574915620563,0.10768188318981854,0.2376921715070163,-0.020158665103169906,,-0.2763487980201576,0.05408551861500218,0.08828837714618819,-0.08148990671855205,-0.05224644109557547,0.11445234940190421,0.06959061698837606,0.07657713854117415,0.15030808562732345,-0.13353977298509853,0.12409525365442502,-0.021964366877679595,,-0.03584523729162914,0.0905559435640677,0.024989652748763143,0.10020635422055814,,-0.0456418891305501,0.09729118806798454,-0.1673007392128055,-0.18631750534744773,-0.14176892699002583,0.14075613326361341,0.11055247131069214,0.09322746545278715,,0.02630620958771082,,0.05349890714560256,0.015349969022690466,0.10780286030268652,,-0.12461367065493015,0.09161991965793187,-0.04039493218608668,-0.08310163353301454,,0.10241382990600839,0.1140940125377081,0.018165191471377077,-0.20999556564767896,0.012036072612181287,0.03129831123492039,0.09760418528006444,0.02305361820456313,,-0.07662284575390517,0.03168973400614453,-0.09631624840987611,0.23287272986441895,0.044864571755059056,0.10202321607100691,0.11728523602175099,0.11566903721186118,0.053705145112199794,0.09715291558065645,0.17225009110148773,0.09404358304491035,0.2216426562362916,0.06740718354559888,0.17395400016421572,0.08777304202929921,0.009371380183219095,0.11428116268827547,0.14058047344256638,0.06768460152015864,0.06924092512520438,-0.09488005230153128,0.26232867673212606,0.1850453199578626,1.0,0.1141149648227158,-0.22131931911020708,0.20734652697067854,0.0828908968461638,0.12251712973139714,0.03591247853620985,0.08822833931798922,0.1053522576283661,0.15549253101499644,0.15337776756812307,-0.16973036765162997,0.12764551259887638,0.04824761833630044,0.031235193143690734,-0.1521198323671701,-0.14118597548018444,0.07230035133249009,0.06410717974454212,0.13538877539425725,-0.11921913906792667,-0.20216683554391535,-0.06787117294185617,0.21944902246942993,0.20704188250003072,0.14354413933631327,0.08021807628614726,0.09668900792303085,-0.2188623118619651,0.038068615708275744,-0.06980876877779783,0.27138664070083185,0.15717854378637244,0.1856930250642603,0.14650013716701463,0.030296507731406252,-0.10658327951670091,0.028838510977997823,0.09835167789426034,0.15091381444464003,0.15906050358965337,-0.21386250886185493,0.15626848088836268,-0.21469185039678468,-0.06076683142178883,-0.13092421913392868,0.1632774823663704,-0.0043250416413543194,0.13902841269732683,0.036634195905996474,-0.06360503060005204,0.1616209519366661,-0.021677166462746384,0.13209147807819188,0.049481877629828176,0.11001362974496173,0.14984346989325528,-0.10957831687954561,0.12102465727000694,0.10329564103464128,0.13137950843955745,0.11877064799161854,0.04996473217463811,0.07959040030371188,0.1434444917731251,0.04131417010693827,0.11608646350080633,0.15415053982392432,0.0715081877319892,0.10623144421616185,-0.0018228608136847152,0.12148012715410363,0.12201627988604102,-0.1764868894935228,0.1341876741438169,0.25750404799531207,0.21662774925770012,0.1456807613102671,-0.11124766462966135,-0.021509948949251984,0.08035887699871765,0.1506449325310336,0.17006541164076008,0.1208547761225602,0.15111379234154143,0.1609825084711417,0.11535824982550973,0.17733522189178538,0.07518072519484299,0.11631554774843292,-0.10708930542001222,0.10840256417963802,0.09097616710221766,0.12370898332280279,0.15120846468125676,0.2338195262279643
4841,-0.04954991274158188,0.10666005193278204,0.5004450416721604,0.4978682701629758,0.5513885004451686,0.4323218560967771,0.2927243435268271,0.4434516251669495,0.35784626767498784,0.2556957402035234,0.39219050261369454,0.4420514995841314,0.12244647608494726,0.43140156224090787,0.4819826765055239,0.3819376577003252,0.2776783909699777,0.34435342652695566,0.34096248681862323,0.5471888622025873,0.0412985580493719,-0.3393618129770229,,0.10666005193278204,0.5653104748399022,-0.24786819893673476,0.3871710675425672,0.4466003654654964,0.4731786061730231,0.4857750611834439,0.44460016521200085,0.30601460759726595,0.05949456522646653,0.1797332613204968,0.20719440962150656,,0.00682953060277727,-0.007276278235769146,0.19234881976416596,0.45148063438809455,,0.30265730118740813,0.4735590382561779,0.19546200010726497,-0.10912458617864396,0.23986378544877932,0.05259753400213887,0.4856431987822173,0.08777438287858769,,-0.2532508328534325,,-0.03282575206783477,0.21290856545182213,0.30955855338040233,,-0.2617163874665648,0.047392475345907945,0.6806733879838379,0.37021403749329473,,-0.10836000979176208,0.13534401445675906,0.18829484088284373,-0.015569424401540813,0.4914946534952866,0.3546609863250622,0.2672455915423115,0.4934162061634256,,0.15903241533980833,0.10760622433707089,0.16145309664331367,0.3096041492795737,0.41902174772630735,0.25298990405506133,0.40612972433186845,0.20226077823996436,0.09571420233095518,0.39073587824106304,0.302507661897043,0.3535750430434288,-0.08137651039366363,0.21032229477083375,0.3603061567886148,0.21731835221120901,0.13041932731538758,0.013326619542503046,0.3092804251971536,0.24326264830600827,0.18408454106381897,0.2715542218698073,0.1472979715974092,0.3858883171299886,0.1141149648227158,1.0,0.4398613240901984,0.21183331255889948,0.3409727568524909,0.17461733651420053,0.5015930829881254,-0.049077204002426246,0.23959994803646611,0.14455852278470688,0.42897107345958363,0.3835754797677664,0.15950349092419405,0.15161207653577893,0.5006404355489983,0.5451061031842687,-0.10049801790492137,0.2042255146027337,0.3884367779480882,0.40363968297243363,0.39458672928037736,-0.10426930571690937,-0.09118129890171278,0.38779021969259136,0.1074816650080492,0.45397135829597923,0.2696998436540791,0.18086578249210838,-0.09506166481744423,0.43878471453027484,-0.27665285293445424,-0.0821856876589143,0.4025763713132502,0.2789885019301789,0.30858074216034753,0.23912431543120052,0.17302059639868256,0.4260013142886781,0.48029022132639565,-0.004181903615458841,0.28579562004498704,0.0638950215796541,0.3294039522946878,0.12244647608494734,0.5048505893251708,0.37160709036900047,0.40239690989295085,-0.050100472090420206,0.36372417145228125,0.5541534466134992,0.28485876199012883,0.3545704429079854,0.04181882551841362,0.4181804176194562,0.15695346587107187,0.5736502675197284,0.33271789450912176,0.1357457321015024,0.3371834369747918,0.3442820065939399,0.41973107289244127,0.2219321559991804,0.44497838780019744,0.37912023601293987,0.4188168943007362,0.4856929574690423,0.3418166325746143,0.6279067549757749,0.6104659858925194,0.37159175468544353,0.5010553264402561,0.6288328934023538,0.356233235207056,0.14955420554035342,0.36889463911070874,0.17850589256063937,0.31889795759393874,0.299680327568637,0.6021791803370228,0.40722576285432294,0.4098828684774983,0.35677628749241763,0.34157875377314223,0.4150060516733315,0.28774998756528697,0.3747709130614087,0.3758023736583751,0.1471531186093604,0.2942845405447877,0.48947633430933374,0.12187859806636905,0.1938032762859332,0.5835009903010137,0.4597668326909314,0.3011500171519633,0.282011800046464
4851,-0.40593881813382404,0.26817660413314964,0.369295678087614,0.29937774216357643,0.316795154008065,0.22992903115953148,-0.027297729263456347,0.1723328883064777,0.027651598425922866,-0.06010950191978947,0.05087227612674961,0.12400310360646606,0.31871048365781784,0.14554521430446726,0.3157855450599037,0.1081244994253688,-0.08857559712143627,0.016252716438022813,0.03263367899235786,0.3008086897317298,-0.3629124553047819,-0.31578056013462713,,0.27833119461951894,0.42613734499513656,-0.10929907692583651,0.46743276459856054,0.4679596186025703,0.19231368704263488,0.26898072586402716,0.21693471230020206,-0.030851985969156715,0.16761746352166101,-0.08792927269619133,0.07924625544536686,,-0.07269459157732232,-0.23697573083025664,0.0604840288506165,0.16775379971211904,,0.2732774602074427,0.3200763558521686,0.3971954072258733,0.19310340718696908,0.39852717847770947,0.031284875734003764,0.3229416040767656,-0.11719617678658976,,-0.22998701208599795,,-0.2687302352354258,0.09227673661973332,0.18937153233079212,,-0.29356176634982933,0.1636099712829652,0.5781934937495059,0.3618681071271859,,-0.28654583958473473,-0.09349931454882693,0.22587649563827697,0.20396514696448995,0.33981292086630394,0.14735137315742725,0.013064669307167593,0.4614388791648451,,0.10587497740542673,0.06511276046420926,0.1048617639075768,0.018655807759614767,0.30844783646994106,0.012696660107455827,0.10861830059612766,-0.07993274949446073,-0.005946151760870227,0.08131711542081531,-0.09914781935637883,0.05178055846572915,-0.4669297639447092,-0.06588392938067698,-0.027434350136162945,-0.06258230087257251,-0.09200204082249915,-0.339631288844991,-0.0009973448810042943,-0.033601491584202975,-0.06757806970180964,0.21081770637389222,-0.17592743951433365,0.09348568472344536,-0.22131931911020708,0.4398613240901984,1.0,-0.018010581729967706,0.10126249412780428,0.1064275272946586,0.35204509171049103,-0.06384682039243972,-0.06324244634962833,0.11632899939265455,0.11473695738549046,0.475320450222839,-0.05504940138230785,-0.06361814397892739,0.28027024128287387,0.6707672510113701,0.0803850518557275,-0.05284507114950722,0.12202289427110452,0.09103553752130332,0.44456627036331714,0.11763770929265963,-0.10890977403434006,0.011917293761087293,-0.30285846118649173,0.04818944117665964,-0.04956981215242221,0.015907558800388074,0.08374688648822387,0.23770674401166458,-0.2748731748879409,-0.4525819734563049,0.07172920845967194,-0.03400503401480998,0.009550330677856069,0.09899490813778437,0.15032039182715967,0.29864180667211726,0.2050587147280569,-0.20059846811076115,-0.06891973864440652,0.09701548952724229,-0.006327641464833904,0.31871048365781773,0.4402633952182764,0.5269058724274751,0.07871135124770078,-0.2547511271014683,0.2367763850555028,0.40423695944415755,0.39988101460722414,0.30561118639864154,0.15872436151181318,0.33763410722861253,-0.13658700148533232,0.324749651324191,0.012244913037743518,0.06447760461587804,0.062067227271376875,0.08026839539463303,0.14634778582796718,-0.03282634373947977,0.2036905737372643,0.1940790672441709,0.12197318203272925,0.2872850589140062,0.0677771025032791,0.34974481859182477,0.40354881223799893,0.08606469241815967,0.37512053275479473,0.4459329850886757,0.022361244810347847,0.15669494814361745,0.02754703960388561,-0.20334260451819597,0.006090272147826581,-0.05874935033301201,0.5640570632609236,0.2171745196808842,0.1582557597039773,0.04164552537339917,0.04240512255557576,0.11851420922504442,-0.02947070657399649,0.02864981362617117,0.07521719779637179,-0.1561616002172732,0.049897474439578586,0.3165581023873946,0.15661815869780044,0.09232198575347396,0.3611172041248978,0.20364515500869057,0.02512228470161767,-0.1879641452215956
4852,0.12965354808830942,-0.2671649626108285,0.1787499850123746,0.5242757045575895,0.49493038363229186,0.4958912488234552,0.5067596935636312,0.519842639878864,0.4957256023510124,0.4170989202585038,0.47519233632125546,0.5241231034166116,-0.16930952318965362,0.5274698511434474,0.21160793151507007,0.5194128405503999,0.44797183426095794,0.5340129958492145,0.5348775710637044,0.4581423314361236,0.14081532693743581,0.010480419672788035,,-0.27580173250113416,0.16922611631744836,-0.005344390247488521,0.20573076930958156,0.23287498372261564,0.5705380080274011,0.5352284698498943,0.4890823461866077,0.5417556192998002,0.017777712045397655,0.4336400570549317,0.15957395197372806,,0.20413285597077255,0.3240191122686097,0.3203817872202426,0.5257869143720053,,0.26030545452746173,0.4422534402519302,0.045918117864785515,-0.3254911370093152,0.13054586065982351,0.15148761918567077,0.3583748785401274,0.11699820847247228,,-0.1124620121088969,,0.3178884496728874,0.20708121711041877,0.29782010078652454,,0.10337385532981808,-0.17545350360493706,0.3070480874884783,0.2179702680021679,,0.15148122100654607,0.26988189465305457,0.08275442509963538,-0.16022314764594273,0.45221284368177744,0.49023803197021887,0.5015272269667231,0.22766088757216782,,-0.11457597056166008,-0.15831554594547234,-0.023713572469703997,0.4791768666691885,0.42666276297869654,0.47051352060788537,0.5191766581923127,0.4392208192998013,0.24710174342488558,0.5440821587133587,0.47442369501261844,0.5236876885108327,0.31957112814183614,0.4219973386135735,0.45328979201623765,0.46987556069773,0.3255336159929382,0.30556422409144146,0.5481620988677294,0.4461121075894384,0.41487485839609417,0.24895111255213576,0.20261897172414864,0.5540057889442316,0.20734652697067854,0.21183331255889948,-0.018010581729967706,1.0,0.46426553571352497,-0.1350014581465007,0.34009186276798065,0.006267286202413385,0.34083469619218465,0.1988541912882456,0.5055466698836539,-0.07612013582463839,0.10989572299208279,0.382786629410966,0.4282894904220607,0.06825638218084934,0.20258541841282232,0.4547017948470757,0.4469468222425904,0.40391872435903475,0.20885713436697484,-0.19017369836775028,-0.15152645561491362,0.4950849123464132,0.3946503507510496,0.4945994837897891,0.467992692016638,0.2335362958441049,-0.08349855703797433,0.4568501432860221,-0.10046306002247905,0.24448640478592684,0.4449852707673248,0.5322249661311232,0.5163547916462097,0.23902426953049957,0.1631999571281848,0.43127706503157903,0.4979019170830928,0.12905304853150384,0.3657515989054839,-0.01731824345600306,0.4670181921338618,-0.16930952318965373,0.22947198035568733,0.055186502043528866,0.5334071667587534,0.012754878559636687,0.22086084879413756,0.1978230021985379,0.1989944297615742,0.023053526440914875,-0.08125446737008818,0.19388805345780558,0.2724160952248914,0.393924357065472,0.5254818659910059,0.2903500605651252,0.5008084866166153,0.5065053154757646,0.5203925214884032,0.4684135985428744,0.45126907077214573,0.4371625369234947,0.525844088179956,0.38968039468022,0.5231464717182924,0.5133863855611447,0.496698919588231,0.5317150160894885,0.4588351534263505,0.4626065793319373,0.4360559805885873,0.10808657782386386,0.4996195498892804,0.27955293402106235,0.2620574257428141,0.43881173837943466,0.2959551037961108,0.27495504107552593,0.5325822009583843,0.5148922956748242,0.5414766423796536,0.5217321103719532,0.4959259646879196,0.52459361074761,0.5213094292966676,0.20447203661799282,0.47602016455182217,0.4315884396949526,-0.1828888710299616,0.2883579951622264,0.4313532177483032,0.38184949306489013,0.4884139739965008,0.3320395770549749
4853,0.2524644268583165,-0.29890575824967003,0.38386906523598596,0.8788786472517396,0.8623135334294468,0.8566813903881417,0.9317704831985514,0.9442485460059957,0.9367944750008568,0.8344942177875856,0.93297919237781,0.9347118508926482,-0.08007898313304677,0.9425382200194075,0.33510342176437946,0.9437192010661389,0.8957450298261523,0.9360142098075064,0.9451696439739516,0.8864548257878122,0.27219829223606207,-0.05755177643101576,,-0.300964267826496,0.41280030267251294,-0.04704460724860755,0.3297834216903974,0.499515339362136,0.8527763721571665,0.9008735744520859,0.9027123280030165,0.9317848041156281,0.060845391518151416,0.8777276212939629,0.37034429406362823,,0.4670416037536658,0.756077364110025,0.5049514961131528,0.9346246412164195,,0.5387224893662963,0.6484191482620771,0.018708850525237432,-0.27758088685717036,0.038677629728328285,0.13494557719680833,0.5198966627614066,0.13643025824568566,,-0.16814053480325192,,0.5736253593023637,0.5771012551718588,0.39161371000070117,,0.3769640504711599,-0.12153230047439026,0.502844113959004,0.39905869352495105,,0.3627398359714599,0.3751416890292319,0.0021364015540204424,-0.05008489892997434,0.796441408446752,0.8252264220323601,0.8147197349331987,0.22027850673738664,,0.16072980577477933,-0.006041968176726453,0.1025111598924017,0.8424643208127452,0.6524878141782107,0.9106023004324988,0.9261482662723739,0.8446468737797641,0.4351615834250044,0.8964246214286904,0.8794997909964168,0.9325324589251932,0.5975173509085335,0.896921677775298,0.8927894355616305,0.9104430298585202,0.8358544976671902,0.6827744518797147,0.9164325290720466,0.9038198242713573,0.8868365859264487,0.46171261493659715,0.3570916858888495,0.9063188649615134,0.0828908968461638,0.3409727568524909,0.10126249412780428,0.46426553571352497,1.0,-0.05284346789060429,0.6679965803981794,-0.11169721539881124,0.7795276015574352,0.14540187926412887,0.9417293210583921,0.0640588779685198,0.1994050937243262,0.6432165840461269,0.8214034703199361,0.18568567569802838,0.2167710301347194,0.8938361656061639,0.9112051363093129,0.7939870334643043,0.5079311491557942,-0.27693600061804635,0.0902645001814358,0.8469619663369312,0.7583739884072266,0.8479028133732579,0.8693150114097163,0.5496020524402135,-0.07577366595926983,0.8506773411200746,-0.2783026043435715,0.5288628822912966,0.9206289711283446,0.9111649607246675,0.9250462511075691,0.6126398383639399,0.32699212820057205,0.7781366443536587,0.8824365984766184,0.13324658960918417,0.792787436817049,0.07560727468178459,0.874172981650096,-0.08007898313304695,0.5930667598840267,0.15980559787244938,0.9401206607058332,0.4059593044341296,0.2613198858562303,0.33689111676663197,0.45401257118810034,0.0024777601184692495,-0.2744445176509253,0.20104128364143628,0.5112891533787663,0.717446580058023,0.9444101521360154,0.3873783327703458,0.9399523645736189,0.9429054483194521,0.9257966962511165,0.9216021539447538,0.8607853603635002,0.8497990956650165,0.9266545851391919,0.6904673283949051,0.9418410568715462,0.73452615982585,0.7721100728400055,0.8932121936262041,0.7312340634917746,0.7112811950743361,0.8885045508160246,0.25879881134414645,0.9318354032782026,0.6676998997782911,0.6628741848376272,0.8797360140800184,0.5436018274643973,0.47147380286951246,0.9098727531053864,0.9375800977255696,0.9181993594340173,0.9407068133990109,0.883783384131485,0.9269357584500957,0.9310791168467233,0.503990934850161,0.8965505329974348,0.7551798792408205,-0.13592810812046008,0.40147514284189145,0.8404805521897876,0.8301632821132725,0.9208079348509576,0.7071847171273312
4854,-0.024908736324485883,0.07990766528090532,0.2622574541344279,-0.023806101811406723,0.07151732201578564,-0.027201634732098863,-0.05995952826931614,-0.017978603013269007,-0.02098541543783343,-0.004135134513542382,0.02833992093445506,0.019393726091630047,0.2207679427322865,-0.03894770001208923,0.34146466511015444,-0.060197348758299976,-0.020247762683044363,-0.07955784460584493,-0.08285563897378634,0.04450834762933073,0.003155278007066564,-0.08054223086973797,,0.08329984312775665,0.29276654307712063,-0.024247604519795952,-0.06780698628815768,0.1516908384616199,-0.014037861223285217,-0.03036812762680566,-0.01034860717504472,-0.06452027781639469,0.01951956926731157,0.007249840614721253,-0.1568492763962616,,-0.06350693554601759,-0.05212921768749525,-0.08599748456068318,-0.019368197617980143,,0.20145626407599884,0.031869971406683906,0.0474885310648445,0.24201783359828008,0.10715832455880595,0.03890450544522284,0.14850305027369676,0.06845265144179882,,0.02668416908864384,,-0.14669771523100608,0.061304606846636765,0.0955671146373699,,-0.1958279660951895,0.018615808374744455,0.17281878587051366,0.008570529903190079,,-0.19825864079136,-0.07369042497886653,0.10358583252408927,0.14174961161507335,-0.02869651452856105,-0.011916799022537271,-0.15449716260713303,0.16112520635717023,,0.3048936905828065,0.02822887997850986,0.09908191760450644,0.07993804576666613,0.010673967054853087,-0.050996177922657655,-0.02207124416992099,-0.04592124397883901,0.0030906574214922067,-0.05233167602203353,-0.03100904584415613,-0.0795894288621817,-0.08124629948268094,-0.09317556025144741,0.01346944980951249,-0.08467283474346411,-0.08148080764584047,-0.10297372579426624,-0.11450775181229508,-0.06127278398880106,-0.10327523957996762,0.08015542477402815,0.19977289901671835,-0.04035993708074961,0.12251712973139714,0.17461733651420053,0.1064275272946586,-0.1350014581465007,-0.05284346789060429,1.0,0.041718073104366885,-0.017231803636997972,0.0363279517857396,0.1937637649970951,-0.015312515667926534,0.03216137556259082,0.17183759298469875,-0.1236572757406846,-0.000551671528409051,0.1870139223889545,-0.13647281218480392,-0.05635979415794753,-0.0344332849806898,0.12468174483387888,0.029688682966035513,0.04000161526717875,0.05871260041546255,0.0066428191592341895,-0.025110075534803163,-0.03367636405246563,-0.0401480631080763,0.22316454443614453,0.04200059091135021,-0.030201900067255365,0.06799601804871395,-0.007828702276678652,0.041771942575617775,-0.01910712368388716,-0.06703725397389569,-0.0018898256161177772,0.19161569952489163,-0.09779108939963264,0.04232822115072711,0.0373277543696578,0.11772533968238492,-0.05317389082583948,0.030180600051479354,0.2207679427322865,0.16911740288975782,0.08758392332650153,-0.04837138524997055,0.0042385459406501435,0.19689239504436457,0.07757992535228812,0.13932732236133571,0.3859128238775619,0.23577062159512,0.23326198972243548,-0.027983589760149225,0.14749462447198664,-0.07712706652975575,-0.13703230615038675,-0.07345985119994655,-0.07430622698242402,-0.05648703667519126,-0.0511860156142148,-0.046296639353254926,0.00041275150031219753,-0.05771008198930089,-0.02883517053698296,-0.08705901078019518,0.012695979051001248,-0.014957016499746097,-0.1257664151806893,-0.023498447828461312,0.0781383204849748,0.012557773165288956,-0.14124655250348803,-0.06772179203969447,0.1415945951351047,0.12350811709770093,-0.04399194954404677,-0.020450578822637715,-0.17861658327969338,-0.06800542949260223,-0.05927531598192296,-0.0498877508866271,-0.04413964390200386,-0.061799693217986514,-0.05548530176552823,-0.07612813479831598,-0.04903615235505248,-0.08808785555687128,0.03509378398066525,0.142127758429255,0.1293739526143427,0.06500785876684748,0.05303739160957832,-0.091533140009071,0.11153282947788647
4859,-0.15671853504742228,-0.05055213920854701,0.5501187072959227,0.8190403288284491,0.7942736586838868,0.7730605690039487,0.6164998702883002,0.74422076304949,0.6264195211675718,0.5967095073446775,0.6819699847322684,0.7285337132370052,0.24663914988125551,0.7365916744076032,0.4542296049365084,0.687382208018447,0.5619141448200661,0.6215380723204331,0.653814311634953,0.7827242790298642,-0.10849812962060487,-0.2507588518071266,,-0.04461023984170493,0.5640383915227979,0.0068702930163658275,0.5745132688870727,0.5955923360945304,0.7302624847229834,0.803128436726396,0.784146974519001,0.609213085493218,0.11837798336635964,0.5333415989495053,0.3920621733953764,,0.22503458849155045,0.34546811123245424,0.27835909976824796,0.7384190159412789,,0.5186404577120622,0.6828030535414973,0.29552328384827864,0.08632120377894588,0.29383530643652717,0.14955776646223443,0.617544291572249,0.047455579844840716,,-0.19888284312026144,,0.1581322801887211,0.44772078623275496,0.40836476527758336,,0.08028199077633921,0.04149988969988938,0.7286567889144787,0.4714941287131681,,0.0941769875922544,0.12358771800859687,0.16621970179299334,0.20866962199612743,0.8003823674592286,0.7091402833517325,0.5666921248838568,0.48209239367681955,,0.17906042809990932,0.04416237508558348,0.15089044015706551,0.6566712336388408,0.7322503031593609,0.6629958636342181,0.7091442872578922,0.5560733889516086,0.37756338940697554,0.6535827153320561,0.5266814594795676,0.6544133853113243,0.12843917357961748,0.5383055750599486,0.5321758557908939,0.5794527669379231,0.47794226098407305,0.20117610130549082,0.6360564849359465,0.5796402872365115,0.5546106336999547,0.5038415446090538,0.1117526914417651,0.6596939286654115,0.03591247853620985,0.5015930829881254,0.35204509171049103,0.34009186276798065,0.6679965803981794,0.041718073104366885,1.0,-0.13249634679522873,0.5454324174579221,0.21904534909766646,0.6909059152608786,0.35318323506066135,0.10248109536772024,0.3823497075939872,0.7353270904979766,0.566831677320984,0.07609068983129427,0.5761516897931059,0.6938117801091753,0.5688787509273331,0.6180273961932495,-0.11004944640729608,0.04605209817400012,0.5067089389328826,0.34303657020479417,0.584143048582881,0.6111209155049594,0.3366268388501297,0.0941223410941921,0.7813558502547999,-0.37163624174383414,0.10326747170748302,0.6733205575467126,0.6034047824010889,0.6358600319590534,0.4057453282229342,0.40629764528725426,0.7579894464055529,0.769764461247613,0.10590831588096432,0.5735636659912425,0.049153421954425916,0.6185867444262511,0.24663914988125546,0.6766319273929752,0.4415954921298213,0.689094009014762,0.13284394564051086,0.3403631622757483,0.5705000811968107,0.4421552234179753,0.22676800259985977,0.018027220343981642,0.3828669483539085,0.2767593549790743,0.7466530427218304,0.6359913968378107,0.4303645530852198,0.6473551753987172,0.682979423004525,0.7006925595557538,0.6022167047144663,0.7030145324721139,0.6394173618277543,0.6639765390734549,0.7004348546017373,0.6676645898497104,0.6533210549377226,0.7441925858386942,0.6264901151688045,0.7392949085346492,0.7792976668973572,0.6001713482882403,0.3055349435793128,0.6409137629710545,0.37702765631249596,0.5827249647048082,0.5514965156926941,0.713674483854693,0.42218436420172883,0.7311811540911076,0.6229391694854478,0.6841399606599945,0.7015050291422026,0.5993802525390778,0.6257447778149712,0.663152613077447,0.3055995026343567,0.5866819600430133,0.6430631863616098,0.06725081888745324,0.41248568988983936,0.7930690454942182,0.6493218178833154,0.6251312268259183,0.3161623302470557
4871,0.05896914147940132,-0.145080764782496,-0.008613993900380377,-0.13312516910433042,-0.1144139475855836,-0.10178670610100603,-0.08478597377962432,-0.09332578468089259,-0.10116112130027631,-0.05064028753357216,-0.08239550641734208,-0.08293617802364811,-0.07247410980943336,-0.11480107317288114,0.04297777750457816,-0.12220329127816638,-0.04853839862410528,-0.09965919149236327,-0.10236432953459827,-0.1292417891374831,0.061659383388601295,0.08227737190749009,,-0.13498698024157182,-0.05661119885772375,0.113311350281137,-0.15995090098983167,-0.12294464830461067,-0.1069171122629184,-0.11400057210160588,-0.13312209766265434,-0.08433529555429434,-0.18022288903340622,-0.06650770595072539,-0.04019676679108708,,-0.008531704210745051,-0.07099069903756812,0.015148256897971002,-0.11552355414658468,,-0.14397996380525285,-0.12777864900091354,0.02657601451936041,0.031851490715614064,-0.11403242719405815,0.030197541098341184,-0.040525279091922155,-0.10382094384451764,,0.048305325023955493,,0.06938700764283488,-0.11708531913011364,-0.11855900485035693,,-0.024043359798618158,0.03274240793152755,-0.11648880885374346,-0.11284048626954037,,0.016502671044450395,0.0004111020731430411,0.07420899237300246,-0.09746730393357612,-0.1443193766205583,-0.0069736200279630995,-0.0883223244459022,-0.10817245411061009,,0.002721845503245946,-0.08197276855401797,-0.13705096047594156,-0.0022993574585772726,-0.016781781068423762,-0.09523772549724832,-0.09226936756353456,-0.04353113229702169,0.11519889849453131,-0.127190469223705,-0.05274022151517402,-0.1310795587065214,0.059472544311902076,-0.11899798509047879,-0.0825279677998218,-0.09333121071679044,-0.10462474326863194,0.003532668890273235,-0.09741880751724634,-0.11194208084076929,-0.11548020049168091,-0.06339955510471254,0.1160384503255044,-0.10125191459776828,0.08822833931798922,-0.049077204002426246,-0.06384682039243972,0.006267286202413385,-0.11169721539881124,-0.017231803636997972,-0.13249634679522873,1.0,-0.04751380196551955,0.0882121653670858,-0.09652806838281439,-0.10554546693298324,6.059387947195112e-06,0.049382003362452236,-0.15855565771458907,-0.1512276346153716,0.03255721571757826,-0.062775664605949,-0.11903966465835934,-0.04242617541916073,-0.11960457300110294,0.03559055513832384,-0.023254308197755518,-0.07943765381126587,0.038864019147509796,-0.09002660834221503,-0.09424768452552511,-0.04203111771562196,0.009405118215230516,-0.12388452102318018,0.026604290334221663,0.1074003663538416,-0.10538102161905158,-0.06747810452071641,-0.10408639347732374,0.002537297746706632,-0.02030816659875955,-0.12814323404498557,-0.09213652438568232,0.05018316203789978,-0.035140940673621494,-0.14217327363668505,-0.03070416983285568,-0.07247410980943325,-0.12258064898675314,-0.11368186631093559,-0.11358776532453149,0.008492587087912009,-0.05793330938825728,-0.07699686225051451,-0.06829320918860361,0.07945785853819645,0.10087748809833257,0.024271102140999676,0.05394380567968135,-0.03005244564015079,-0.0930972988056323,0.10317796117286496,-0.12131679798857098,-0.1345313124330454,-0.12897302320290993,-0.09410374656803261,-0.1409911533452775,-0.14817682951251954,-0.11075225573408329,-0.1366162775515872,-0.11126669745908829,-0.09694231259034272,-0.1266992296256472,-0.11491289494835694,-0.14070963551718252,-0.11938612670191416,-0.06252773818443051,-0.19715461454007754,-0.11404585017045293,0.03627251167945635,0.05569556135161259,-0.056828648029443214,-0.19486547915725794,-0.16720812137368873,-0.09643055937518821,-0.10312379874658274,-0.06036700996548827,-0.10944922018060575,-0.061522617053482435,-0.1079392994778567,-0.12786519083670989,-0.004499196708316,-0.0960533346482681,-0.060196131224135786,-0.027986014499033596,-0.058184769225187574,-0.1327186236784696,-0.10314210622374835,-0.08563518519887615,0.054653935228671936
4881,0.27115956167928174,-0.25039507577248943,0.37532502627840236,0.6944096806354877,0.7232853793372056,0.7415486864705934,0.8437031248071375,0.7932344182933081,0.8011801220345223,0.882367178835364,0.8373239230161742,0.8030036175483177,0.1506081694424672,0.7774281812776772,0.39884112158466145,0.756186130968335,0.8240965899379891,0.7700955847880587,0.7828278204566433,0.6799840897239913,0.2726880361700782,0.07340828731951626,,-0.2546516052055249,0.37556386097411,0.015820095864093008,0.178248690393912,0.3624582711169471,0.6639373834894283,0.7094900230283268,0.7708512511959709,0.8038786723894537,-0.01826033370337995,0.8222215495423759,0.31808345795830817,,0.44003477998533547,0.7739114165768863,0.42247210274501396,0.7751474782360355,,0.44434860665775666,0.4569369025996011,-0.01113860571865473,-0.02517215205530125,-0.05690241590195949,0.0845022933897046,0.41229016065580476,0.06758848136694864,,-0.099667238500992,,0.5953689445388749,0.5532068592181768,0.3736788368549277,,0.49489425795689906,-0.03278807284125975,0.3783747892394594,0.2644036447438009,,0.3714892239379458,0.33167665419782894,-0.02724667231887833,0.12375328996692182,0.635400662128577,0.7798254026596644,0.6626738720490212,0.16376633105659644,,0.14894626358157115,-0.03854381790713489,0.03181635689879974,0.8200493089077544,0.62545665196735,0.8401679485486525,0.8144011079432767,0.8406566950531865,0.596341522306831,0.7424233555065348,0.8133423658776715,0.777762826098271,0.6779490791575367,0.8137306579170491,0.7961777028814033,0.8469980986556833,0.7773151427317315,0.7229079059009192,0.7748961642763288,0.8382146165670349,0.8250256257296419,0.38266156246098887,0.4163900231091196,0.7121976518410661,0.1053522576283661,0.23959994803646611,-0.06324244634962833,0.34083469619218465,0.7795276015574352,0.0363279517857396,0.5454324174579221,-0.04751380196551955,1.0,0.2592800972607107,0.7696343432293,-0.004838858668139469,0.2394585666426899,0.557673752233039,0.6909751780034988,0.08138214180487621,0.15152564209200517,0.8200556089861314,0.7562842121972514,0.8078231265446914,0.4308542123343489,-0.17847124583805155,0.2962016699506814,0.6183521237420935,0.8196281192604811,0.6684877224552824,0.8418956826973488,0.6083308641304754,0.17087995350700136,0.7622415541449155,-0.04587370655569039,0.6810744037267843,0.803732283430458,0.7914138163951209,0.8025532707403067,0.6088573942053697,0.4411518292581472,0.5979836315572227,0.7649676087254701,0.2268215723822641,0.8554335127743885,0.07464895834448604,0.8649961719425013,0.1506081694424671,0.48376165586808884,0.027063882115926988,0.7596161751804535,0.47697284783067045,0.1876447376179585,0.25896657712462195,0.31783884620611497,0.12251962075534137,0.014350413203918234,0.3099542274292193,0.45055188842798005,0.6709067404274399,0.7917007566757862,0.29317510644653777,0.7598228228751698,0.7754142491336098,0.7084557385976537,0.8230902528301871,0.7017369585111806,0.6693782621787918,0.7129403867851831,0.5022137856104659,0.7718782116713488,0.4290849404241934,0.4813499250906451,0.7013513845641909,0.48267574107672034,0.47637315324316326,0.7714445066166319,0.2343970274735349,0.7736427978484534,0.7433265622512495,0.7612241890717254,0.7969613061745298,0.26545521268117,0.22325528781334947,0.7451702938653771,0.7650446380977157,0.7857906976220772,0.7788618725035642,0.7943783912764866,0.7513758119851008,0.7303819759809534,0.5038348442859607,0.6971672227662915,0.5474943350173593,-0.06897481947511949,0.4121663159422582,0.6226615178256218,0.6719968369679581,0.7732457729037313,0.68808899106032
4883,-0.033337127489106604,-0.08712931544409358,0.188487902076062,0.1548255298321906,0.21402736072912595,0.11249396864483714,0.11145699541477726,0.14176733152730384,0.09305453610241803,0.1960684727376396,0.1969678447061193,0.18274830015888252,0.1650041887734204,0.15238032100191384,0.37777500964050736,0.07489535442931401,0.18781500755130853,0.07278347049684956,0.08648165271504833,0.17627512493488687,-0.0017622473745502747,-0.07387409838817255,,-0.05783712284481491,0.13171765030593527,0.1872025775828399,-0.16595981222396902,0.14513865967597325,0.12046567381633295,0.15497686725895768,0.19102409728705705,0.09084311309386858,4.239351561541213e-05,0.1560375597590909,0.060419839503010046,,0.19654040034963846,0.08784905573859819,0.14336021529117574,0.14645728456562276,,0.14185267261177836,0.09245994447627805,0.22110729040082985,0.24538195134545668,0.03946587517447667,0.1825451650606403,0.1896310245929393,0.03467906772463102,,-0.03150903777654598,,0.0777571005224868,-0.018333507333693523,0.13849020488242386,,-0.0023273785318372897,0.0055503183181036106,0.22391223625983922,-0.023782997627093842,,0.04101964974709326,-0.1288468946481001,0.07939279054092664,0.08786428329187841,0.0947851441268126,0.23237620007316762,-0.10358229793405285,0.10144697501304746,,0.10128001629336272,0.0070353475580263196,-0.09689571858950154,0.3362352489271125,0.2928130027163987,0.13927009035740293,0.11869655392075808,0.14297737701870783,0.38166439313293044,0.02869059197888251,0.10107337953291166,0.03598260229844869,0.10666802510508476,0.04903131265266219,0.10916283426107369,0.1042614243489371,0.026676078261660213,-0.01675658553777516,0.12591933795233295,0.10285964605164165,0.04385641335452678,0.1701318256824539,0.233666142079264,0.1132680757007928,0.15549253101499644,0.14455852278470688,0.11632899939265455,0.1988541912882456,0.14540187926412887,0.1937637649970951,0.21904534909766646,0.0882121653670858,0.2592800972607107,1.0,0.11723419389799611,0.022063608868068258,0.12466079153257931,0.019262448517750688,0.033058538081212334,0.1163214952517143,0.08298050606326093,0.07618586981283211,0.13149580912002756,0.33186668054754637,0.049493172488014325,-0.02599210159149798,0.05750628413787639,0.06861664237866459,0.2001891484843636,0.03192545788138721,0.08653759756540466,0.21772854748879839,0.06278856752783227,0.15288279417612097,0.03954301934613009,0.3009181871599141,0.15993241784491463,0.18716618490659595,0.09393691517031737,0.17203110385116463,0.28133152827040186,0.06343038089969866,0.18041209760166027,0.1728902867603426,0.25613823664225077,-0.01078208225310165,0.25285355947567245,0.16500418877342024,0.17835032887964564,-0.001580220442569415,0.13392933312496652,0.14016323395851307,0.11953158124852524,0.09671157882877364,0.18511081810231197,0.34893657868571226,0.3768230423361291,0.3449612177841046,0.03931292807058437,0.24430163204571212,0.10145934652861624,0.12707170580853053,0.05637033188186059,0.05917235645431612,0.07136569452116315,0.11339502281884056,0.04791509947640562,0.14263757579543862,0.07899068663683949,0.0846762176864661,0.08413482799489035,0.0957059059409105,0.095834193655137,0.06131906756113148,0.013341464040802524,0.13346520880350862,0.10031147379985336,-0.1787162327229244,0.10620378545589385,0.33223300518906596,0.3866199645805775,0.08532039958590289,0.012012559970386588,-0.09160660279283825,0.14553697909793942,0.08281955614880801,0.1987827995137994,0.10403105688451025,0.1772113733635193,0.057071434684407854,0.0433919080583325,0.10758912779582662,0.0543905841212188,0.13592825955085583,0.07481308774756668,0.19733329657831955,0.19279997849926642,0.2057372039827159,0.08404180709651031,0.11905567089154825
4884,0.3010947583524903,-0.29274494877627794,0.4357566134643362,0.9144911740605852,0.899390827472838,0.8706233814388141,0.9510018354331125,0.9766544493913812,0.9702318567172629,0.8246861426189295,0.9588433855350637,0.9729252767335826,-0.10606196939901705,0.9780910476113148,0.35961477561546634,0.9831952121115695,0.92938579600495,0.9740267655046806,0.9766578285552497,0.9388203573210172,0.3396872752699645,-0.10884082839593086,,-0.294864297354325,0.47250843945263077,-0.07471495089626767,0.35797420132911817,0.4868421614608881,0.9027607027946651,0.9318357720205814,0.9353988290668047,0.9457978138438254,0.10032226127716522,0.8824869998464128,0.3225611401964924,,0.41367437201554846,0.745610843996229,0.511226198932485,0.9718430489265241,,0.5376714396839587,0.6791544315644936,0.02649067486791915,-0.2937396802986923,0.0707663107510069,0.12888645749950262,0.5854751832568242,0.1367478629603544,,-0.16427417292265478,,0.5256549274473249,0.578990841624914,0.443428433609988,,0.3047561841483081,-0.16352513805862476,0.5488924904358988,0.4307284713764226,,0.33893631437031957,0.42937300201898043,0.005842011675214539,-0.04820202277719608,0.8103267448096576,0.8275783291806903,0.8522952940634132,0.2745885583761672,,0.13094317031886732,-0.015410532784390378,0.13776050707349535,0.8752893110965637,0.678332357381257,0.9135616300528685,0.9608732659356102,0.8505669737045568,0.41799085297540595,0.9357111949454255,0.9133072413313464,0.9654779700910228,0.5753157333251432,0.9015084853201529,0.9245268760448149,0.9145845125588392,0.8241387889646199,0.6765429980393977,0.9476378257010519,0.9081593320826504,0.884913724734828,0.44970894542576517,0.4060067397145317,0.9495632264055641,0.15337776756812307,0.42897107345958363,0.11473695738549046,0.5055466698836539,0.9417293210583921,-0.015312515667926534,0.6909059152608786,-0.09652806838281439,0.7696343432293,0.11723419389799611,1.0,0.09525645619397569,0.21606514902276663,0.6518264498282565,0.8604564733274046,0.22675841341977057,0.14733712716451366,0.891676892032623,0.9375841977749346,0.8015022724531098,0.512712220406408,-0.3136308563505994,0.05468523081251998,0.9030142863008938,0.7468954081751381,0.9210190230437204,0.8746683684548879,0.5481796822830247,-0.1372548821073954,0.8624946084324635,-0.3184597272566968,0.4989190672413939,0.9450819352211939,0.9385141157156272,0.950929243466513,0.5842781211153885,0.2944323428348651,0.8081793001181415,0.9269791801735181,0.15171354259197223,0.8022183560379046,0.06989693051134792,0.8729151414180519,-0.10606196939901721,0.6315052158824704,0.1461990624847006,0.9807062084204865,0.3487259106620387,0.3470920003922501,0.39851103940016286,0.4425643283639366,0.01734835963096061,-0.3183871426283245,0.20342221952192607,0.543264279630788,0.777968738808261,0.9743987651375958,0.3584227996540575,0.9758171502750541,0.97181692236504,0.9726047839634322,0.9341614301979946,0.8974874731154047,0.8807816911270818,0.9754389793345806,0.7235606563080208,0.9760446558876319,0.8223240675587918,0.8425784529095773,0.9234624709871281,0.77317229015333,0.7859711008633529,0.9202550799833373,0.2573964934113147,0.9706083204634817,0.704150608535741,0.7051784815756706,0.9126690793749553,0.6054466395292462,0.5241984218346659,0.9514119182699466,0.9757131105418494,0.9437578745280998,0.9800036556110487,0.9191416231502614,0.9721647229583857,0.9756015832979564,0.5019640931007817,0.9201382759085548,0.8089454661100285,-0.10356145692799323,0.44169462786429603,0.8999123483677938,0.8642513760077983,0.9291003866886016,0.7398215372406812
4885,-0.46251098840169724,0.3002662957522042,0.4420640709852526,0.33260158309569293,0.33929269249080046,0.3152434762970562,0.030574322328109492,0.1992680563389976,0.05765615598291713,0.12579461089005792,0.11811341149749421,0.1556280744832083,0.5161428104909392,0.16684743381942216,0.21188454224227532,0.1110358571325,-0.06254461851361012,0.021511349904052377,0.05200699862521099,0.2490309655489125,-0.43501196778781764,-0.23191403759305862,,0.29771749936999337,0.4923001699794472,-0.12502039520632663,0.5095181550288147,0.4219280905872997,0.2327706142754481,0.2896906097488067,0.26505302980518364,0.0117810360241781,0.0771199865122604,-0.06950564484839553,0.31574006621207007,,-0.04609048815153038,-0.16891639289281857,-0.07348484708896642,0.1851928480500081,,0.2575207852414009,0.33688886457643813,0.39864173035237566,0.18738049674376428,0.42716637642914984,0.06601504476534109,0.4023323037331838,-0.17022001875219306,,-0.21456239924810824,,-0.19623967079647714,0.1936442989020721,0.23423957112387755,,-0.0658612007117051,0.2581310675537657,0.5901166314800844,0.3208740262525642,,-0.20806069656937434,-0.15862268703633395,0.2160977159943251,0.389445493422628,0.3974259520108013,0.24232925116122894,0.04055830843976499,0.4230996731298568,,0.2975229508724377,0.12579198994540639,0.2747264781643759,0.04631459967520186,0.3310559559769423,0.11431409039934967,0.16768780035334202,0.025033534426450937,0.049218444070649715,0.13246263481173826,-0.03774907019048279,0.0911240646214282,-0.38901263898952754,-0.0050983636886933244,-0.017511616949796725,0.013849331782062367,0.017293983120434325,-0.24398995320052677,0.023520890196430774,0.015773758625702614,0.01196141055647929,0.3392869012108253,-0.16567218394431457,0.08479673174184625,-0.16973036765162997,0.3835754797677664,0.475320450222839,-0.07612013582463839,0.0640588779685198,0.03216137556259082,0.35318323506066135,-0.10554546693298324,-0.004838858668139469,0.022063608868068258,0.09525645619397569,1.0,-0.07477476050369564,0.05443424785440578,0.3895032745601207,0.6561904335807595,-0.03285631099368769,-0.01844156362258073,0.1510509207072998,0.11860983841982801,0.5374804141320204,0.229780435336622,0.07841407438408401,-0.09589622619085011,-0.1915905710725766,0.06555809410019749,0.10337893327112367,0.03125456081200915,0.332734827650534,0.3568651345585106,-0.20949141675197408,-0.3506464696470798,0.14197569182278366,-0.023884743913128944,0.06953908899871034,0.055475504258353514,0.19923464817715505,0.33733073631316335,0.25507175588531544,-0.08085586450024329,0.09225207972273945,0.13136128804329059,0.09833439329173663,0.5161428104909394,0.4893274537835011,0.5338785077367939,0.0810782117086536,-0.11920855328353253,0.13909533924826364,0.5423279966332955,0.16272213569258134,0.19401154462357442,0.23041640576530373,0.2293171042943779,-0.11487246171770264,0.36085019274485935,0.027597998884666505,0.23832490443083656,0.07008990461537723,0.10639968118799253,0.1401669940039481,0.01700421996746598,0.30233301602638785,0.25071737463940713,0.08665165199520965,0.25354060653057303,0.08556603229572456,0.21282438623607428,0.29342874184302015,0.0488597191207883,0.375289981462668,0.377352744048431,0.030336755190597087,0.36963290306506363,0.04458172609151162,-0.17849739692283972,0.14258163206202767,-0.012210792041237914,0.5533305237130364,0.2654009148690029,0.16427035159537215,0.012421260960072683,0.08110866927757569,0.12200176692855065,0.02829741017638187,0.024800210641924707,0.07632980578468056,0.15947976216968923,0.028126651018058054,0.27653750603465865,0.18122721486781646,0.17794276238734433,0.294711146632335,0.0986159368956107,0.037485388386368404,-0.18484749795117786
4889,0.2974154643776693,-0.0634523926036246,0.10455878534556412,0.13331795927668666,0.189668063033684,0.12052937845809619,0.22918670895503537,0.19722840627046262,0.2364880819746043,0.22889058389051434,0.25239808955302967,0.23826216366501882,-0.032726395205793485,0.20382374621692276,0.1890207799470337,0.1942638032589793,0.25516186489992815,0.21397921987144025,0.1984215495795995,0.18591198101894937,0.31760743489450466,-0.0007146165768738634,,-0.06608667215752675,0.120181377946065,-0.10270619525030764,-0.13198510422377646,0.129965607952726,0.1759275730411245,0.14557215701399834,0.15653800727334247,0.22013810084523128,-0.05692073350704481,0.2258370682497085,-0.08272983409882531,,0.10869723338812942,0.18060392245025686,0.1768463811143193,0.21161156307469842,,0.062303385859369814,0.1537733449138466,-0.12327026343153148,-0.11985502375183295,-0.052941960080025434,0.09582982499345788,0.1437589799266635,0.07887273372602902,,0.22378743209631438,,0.17466165099797853,0.06565889844271248,0.11080816921699674,,-0.020023213893040338,0.038947019500685576,0.07607799820871514,-0.006250045014716382,,0.04554169403624635,0.16589280382554028,0.10364818299155655,-0.008727479786976387,0.0858703255572617,0.11029813315051099,0.14737047837756054,0.07964590000859863,,0.06482458051190927,-0.12998285202829563,0.008604825952902757,0.21526003613494574,0.07559158002474708,0.21941518919857386,0.20983742857504745,0.19321548617044887,0.07537542939742714,0.19011552161104642,0.2579979454385183,0.20831526946322954,0.2018017883892282,0.21642244426023466,0.3194325680782334,0.21153049899148052,0.17584356380247823,0.2251996000539704,0.18727994078043717,0.21966003739360723,0.18768679010385053,0.08479020918621555,0.25231091017422747,0.2024714561623512,0.12764551259887638,0.15950349092419405,-0.05504940138230785,0.10989572299208279,0.1994050937243262,0.17183759298469875,0.10248109536772024,6.059387947195112e-06,0.2394585666426899,0.12466079153257931,0.21606514902276663,-0.07477476050369564,1.0,0.1405653218419668,0.14938410420114956,-0.06520786700618454,0.10674360225806755,0.2123657460126453,0.2175674296511655,0.2610659988453548,0.030777901695651127,-0.11788689280787965,0.008401644857652863,0.248977368430947,0.25497293249029995,0.2189849456218332,0.21863460159967213,0.3284713613038247,-0.07089801758842292,0.14559642465002925,-0.042903922253547166,0.23657023039014685,0.26133787003424847,0.22237380278626795,0.22798874924453946,0.1529135459920605,0.007468528329955734,0.06195481973505194,0.2246985093102795,0.04502279071994429,0.2834101321805097,0.08219124186213397,0.24001736238190036,-0.032726395205793506,0.1306159805712939,-0.100408255806102,0.21760843282392178,0.08427788008772728,0.07929538562083002,0.038988453979027025,0.04468087229280416,0.12218509570657764,-0.005775293492856576,0.14071610775869267,0.13261116499119568,0.1992353022990869,0.20041022544213757,-0.08529324209158062,0.19954821953694857,0.17696096368313047,0.19844555985088025,0.2133593425016521,0.13393166916703947,0.20451066664632278,0.19785611574077133,0.14442713003448543,0.1889181011253221,0.16714244109252988,0.11323030504770235,0.15183585249058093,0.0294764118792426,0.1422153396344371,0.23309902838957264,-0.020548910862655114,0.21688696440566077,0.29620159979303323,0.23999223836000969,0.22674269664412142,0.013876339395638728,0.05352685549566884,0.16943602023837198,0.2220543633773614,0.15033202873923424,0.19883685481268543,0.18313647953025058,0.2168697733512791,0.20772169696469459,0.039508288514932564,0.17496307614357096,0.15012101325214303,-0.020315947566373973,0.16587966872953205,0.16379038894473996,0.23558824814987864,0.21095074420687585,0.31947664420586175
4911,0.26119198078316674,-0.1061696018425491,0.19750787845856593,0.6172580309204811,0.5851429196155681,0.6473737338863269,0.7236663368514783,0.713088441250838,0.6960740233711558,0.7224510690375054,0.7120366093641634,0.6794448271573461,-0.05002352776936844,0.6897024088137835,0.18737951723706933,0.6820871088411639,0.6666174865365454,0.6969853168482207,0.7091614889784623,0.5618825969669442,0.26626515321495114,0.04817081517024055,,-0.11795513572451236,0.22724459105872652,-0.11728048123920502,0.16107956229048936,0.30289767715665844,0.6410044173270767,0.6319111372093603,0.6434090286374904,0.7057342102170707,0.1236442122650771,0.6304203936070595,0.3352427482870675,,0.36159015032277186,0.5719915341686819,0.3548432486533274,0.6691029567340306,,0.3664599137795391,0.4044286510604681,-0.09251342133691447,-0.26479801175042916,-0.04243055953391,0.1414601842444978,0.3097287379058967,0.02682913489555118,,0.02718291459081593,,0.5022100970783127,0.35008631159486875,0.30982199311638214,,0.4643226713701781,-0.10131610558035258,0.2844611974955783,0.21580935212726676,,0.3477541108847309,0.311676131697458,0.051930973644047834,0.07981353874032321,0.5493123524067043,0.6632631397184557,0.6125665058417917,0.07867956688688141,,0.22364256223215906,-0.1120288399879605,0.14682286227535793,0.6418261130599248,0.43502251504903144,0.6904098890996868,0.6912477270762815,0.7040883261330521,0.37160150458302693,0.6838069225358785,0.6964092907951239,0.7146047593808509,0.5372216341874216,0.7031487715498653,0.6934228164156487,0.715316381676315,0.6828560649786479,0.6131255225570743,0.6931521649042557,0.6919759745849433,0.6891791905840867,0.3806682941979754,0.35925622519684136,0.6223857612058799,0.04824761833630044,0.15161207653577893,-0.06361814397892739,0.382786629410966,0.6432165840461269,-0.1236572757406846,0.3823497075939872,0.049382003362452236,0.557673752233039,0.019262448517750688,0.6518264498282565,0.05443424785440578,0.1405653218419668,1.0,0.6041480824221008,0.0035024039461087615,0.16615869893818044,0.6622632986023785,0.667486269423066,0.6007763398722413,0.31397806440327486,-0.1938628839661287,0.09328308022230389,0.5636746487955739,0.674664258069607,0.655382894379003,0.7461922540022146,0.4669347844513746,0.07025251593013221,0.6550697456644852,-0.11161070982143938,0.49387884364341217,0.709008191517688,0.6827464930074505,0.7054858413270994,0.4188409270326639,0.24088484566525914,0.5412837558666225,0.6588150179219366,0.041451737066924094,0.6389700075459864,0.004897114447565538,0.6718095268990896,-0.05002352776936846,0.3459337142282388,0.017154059483874076,0.6857243342505519,0.3735334123009142,0.10096964445354557,0.2367068526269376,0.2995341006789656,-0.061654805797624355,-0.11272019845673711,0.13142874135901833,0.47677978526732084,0.5037357117575296,0.6953425311792862,0.2972962344084692,0.6881089977747413,0.6963569011616277,0.6476003425942176,0.6907607204549668,0.650639715346351,0.6141098092672252,0.6474613045323007,0.4205947590212879,0.6938206770541387,0.4490954786495687,0.4825173186198796,0.6441649636592149,0.47757646618796434,0.4386357591975246,0.6112333516118227,0.32161086485434315,0.6723997913714274,0.4883273831480112,0.5098524699577247,0.6730195009900224,0.3299290057392782,0.3579108374630316,0.6517460223869571,0.657701470438016,0.7306212144566916,0.6689036380597357,0.7031556705900073,0.6698417653540342,0.6738629917163308,0.41871870538071654,0.6715043882463736,0.47645266657951096,-0.1105671729893566,0.26529713718140324,0.510970104742129,0.477280296861191,0.674910645817358,0.5343511795829279
4921,0.008343584016756743,-0.06187299488103606,0.5730202310617998,0.9256325077618321,0.9255243281876281,0.9173528501384742,0.8257720365048346,0.9205728792633581,0.8465541108893214,0.7905633266322851,0.8532591250624648,0.8914017837133683,0.22693725557939956,0.8951987164536783,0.41603562179275433,0.8804092502606581,0.7206390107361814,0.8298174381563727,0.8451350827016807,0.8836970975293422,0.04908515120084619,-0.17774575811916493,,-0.07501431538969026,0.6468753077513484,-0.1789713355266627,0.5899032193943555,0.636523390045183,0.8533565671652583,0.9173026837080401,0.8989147712881187,0.8117437936398817,0.09911155589116959,0.7038786914264108,0.4418670617655497,,0.36057737272853313,0.5505379482029574,0.41277420243461244,0.9042121754057831,,0.578722159415307,0.7341657637005643,0.17891830038202705,-0.14130158948151253,0.28188983089056624,0.13099202616999403,0.663051386664429,0.04695002428483273,,-0.2909033412773221,,0.3918988199733159,0.6462178506429183,0.5100243393366015,,0.2493340649796868,0.03668687096503474,0.7575831606070604,0.5601958147728403,,0.15346257213372716,0.29326012126362616,0.08823701352260908,0.2035520204580605,0.8963554347722609,0.82363609076957,0.7951703903649158,0.47363669456985197,,0.2643154862220696,0.0749299359344968,0.2602564386545563,0.724186124128769,0.7363772384052655,0.8376128373344989,0.9063620899867871,0.7391302853095889,0.37453263817682886,0.8719931259207964,0.750958782925309,0.8725394592807615,0.29300054809034126,0.7720676403733636,0.7749127958240233,0.7965052777789152,0.7048568739780521,0.47648544022973927,0.8076926625761172,0.7892653088019567,0.7791268086653587,0.519542384170793,0.22365666144252117,0.8307668228170567,0.031235193143690734,0.5006404355489983,0.28027024128287387,0.4282894904220607,0.8214034703199361,-0.000551671528409051,0.7353270904979766,-0.15855565771458907,0.6909751780034988,0.033058538081212334,0.8604564733274046,0.3895032745601207,0.14938410420114956,0.6041480824221008,1.0,0.5449524148415207,0.09986278906162095,0.7686937356142118,0.8339055102869308,0.7296832074454755,0.7458492694675264,-0.06391401681870654,0.1260525087874074,0.684347333145626,0.5466389691371455,0.8082215684970202,0.8376853464425652,0.4726814192764883,0.15295083439392795,0.9222773396015523,-0.35295467446255585,0.22852861291951299,0.8513854286887573,0.7659609320700708,0.8413398270672601,0.507012665373051,0.40797577982418454,0.8487983132832535,0.9148263148952096,0.09375858627683653,0.7266649013142198,0.10035046925399846,0.7882587487412885,0.22693725557939956,0.7898280667832583,0.41205702473991956,0.8465286833703977,0.22306554327860154,0.40102441118923593,0.5828616961464373,0.42282732838191045,0.11764203839430132,-0.0968083063299316,0.3210623087426815,0.4733745502685009,0.8527885625256869,0.830486942836854,0.3661558319373232,0.8542911006118032,0.8745764277197775,0.8808632717037621,0.8034088201912548,0.9284663467816179,0.8175779433401699,0.8518359615344535,0.7264158003794315,0.8637091086410983,0.7672461239929838,0.8396426666945139,0.7934605831104968,0.8334562450522014,0.8376805639879302,0.787215311787824,0.4720146997300057,0.8272671676583244,0.4395577188977774,0.6369484776675532,0.7575498171476073,0.7673001759927416,0.5287364775670955,0.8763326691364762,0.8181446637111023,0.8093522767287791,0.8780627473645569,0.7729011822541948,0.8272746566397461,0.8550812192831476,0.5056902748677523,0.7788791397447795,0.7852580622928866,0.07976074501711702,0.40660484975177635,0.8626266000343931,0.7701721106302181,0.8155530115551567,0.5038661755605829
4931,-0.5479706889861605,0.32572086074283607,0.6421938277858452,0.4979205192206111,0.5328165163731586,0.4577454666037075,0.08451352060090796,0.3296347125691584,0.13373170082302888,0.12739595871489004,0.1901952904562388,0.2917855750415128,0.580716561491624,0.29227072345570976,0.4606367978255685,0.2328092205166425,-0.027733282044101276,0.1095553506343243,0.1363091008663429,0.45765436065149645,-0.4815894534976768,-0.40875985736592774,,0.32573079808463384,0.7226482525745351,-0.1467154182020573,0.69808044247296,0.6064904424242537,0.3450361614097951,0.4493778466808192,0.39046106292430555,0.06682815445167108,0.1569710199149884,-0.03869433909674239,0.3158166662250363,,-0.1084955860888808,-0.21960443299667715,0.016601513762860117,0.32980013286793136,,0.39562280180943354,0.514442511175297,0.5259909436530138,0.29819674512969346,0.5277691545924399,-0.0015918631194229212,0.5480403179028297,-0.07105114814115862,,-0.32407117052715745,,-0.2922354743694136,0.3375313706107489,0.3787586833479271,,-0.285165037331195,0.21572650608173208,0.854916143028272,0.5790359513343906,,-0.33312411855569607,-0.11946638484625871,0.25941406226471203,0.3722069551414252,0.5660927518955833,0.33503497936909504,0.15169215298899097,0.6607342075988059,,0.33390900317175887,0.23838832019051953,0.2986571294086498,0.14547217009588423,0.5473530116566903,0.15639309455995953,0.28364762134410815,0.030176471023893273,0.0999317529735587,0.22828060133052006,-0.015112590886555623,0.1813408633731054,-0.5219883458728022,0.01414450571691547,0.0524203868089857,0.044831031201211874,-0.03145333249775168,-0.35617821595696464,0.12174272396060153,0.06972871820379704,0.028884639183404438,0.376819580991346,-0.16248123983516996,0.2142988804946953,-0.1521198323671701,0.5451061031842687,0.6707672510113701,0.06825638218084934,0.18568567569802838,0.1870139223889545,0.566831677320984,-0.1512276346153716,0.08138214180487621,0.1163214952517143,0.22675841341977057,0.6561904335807595,-0.06520786700618454,0.0035024039461087615,0.5449524148415207,1.0,-0.05531719175360039,0.04292238765917877,0.23339288125456817,0.20552114687412354,0.6978083522326871,0.21487443344988258,0.008667663597520308,0.028902135704869703,-0.2593673183781981,0.1921081727713332,0.14708796003160887,0.014250639665300723,0.31453660182765847,0.47191597687989445,-0.38621846001834514,-0.4975507400287397,0.20202351446018507,0.06175253705027906,0.13328434640241252,0.0670156046509891,0.39711998510775887,0.4934619382583053,0.4252958973378601,-0.04206931258130047,0.11634634890351378,0.0890511071777095,0.13947485541788496,0.5807165614916243,0.7432814969910368,0.6995604945471613,0.19219914019268167,-0.2410231780877197,0.4561531242476087,0.6444601771359788,0.3870644978104462,0.41531612124771494,0.2897086715180827,0.45377470690729715,-0.022472808827941088,0.5739393768172459,0.10981897567951107,0.18966124669575418,0.16969576485778365,0.20447881431093756,0.2822355505579728,0.07297640863024073,0.4307320924933275,0.31624459476442435,0.22777986962064922,0.4725913586402593,0.18655485664195232,0.46505510793572763,0.5643401347127626,0.1456410887238209,0.5490696513481198,0.6572351907962073,0.11543573978298674,0.3278609559660027,0.12842991676098459,-0.18163353905846005,0.21273341136598228,0.03591200851914527,0.7794770131571459,0.29474174340992276,0.3098200666483792,0.11840539608843703,0.1491350439210911,0.24280665828434667,0.06576602198506584,0.12892490113595426,0.19042889716417802,0.06502712055788912,0.10200937147882594,0.45935536926477044,0.3729615997555374,0.23637627638642406,0.5239472626720988,0.32818205967318365,0.12247053347445984,-0.19958409712553063
5111,0.03538381625267135,-0.08546839316441422,-0.10272271842043951,0.168307430888412,0.14393933936113248,0.1795782815865856,0.20651772255179224,0.16944587292551994,0.18432190061963788,0.1840819439897265,0.14480844130679746,0.1503041542166943,-0.00923688774623776,0.18244355834251644,-0.03327314232291292,0.16146018575268944,0.15523958094855786,0.18162227735223518,0.1890309101353443,0.09020014879670897,0.005817102601585714,0.11917241021282525,,-0.08546839316441422,-0.11674837208772218,0.0285879124490278,0.06263908583650832,0.12976401835361429,0.1508867988746371,0.17201218118514203,0.16331894455880072,0.20696752132609353,0.11818074016099282,0.2301449253255518,0.0975533925792984,,0.22697761711436254,0.2046399104388524,-0.04566770321642452,0.1732212746919975,,0.00018981857455138842,0.080867661328756,-0.02334707853183755,-0.09418787886979682,-0.017612301299685267,0.024640701448330964,-0.05193356307522964,-0.007704755900655129,,-0.05935218428404073,,0.32547219237780767,0.09563415067098568,0.010165880545427846,,0.24574645322873517,0.03566742812062578,0.027979396390782982,-0.06692597441054382,,0.17082742216347876,0.02518546132721154,0.016672628721997425,0.10675428117093005,0.136483291005137,0.24585373265029073,0.12497418255278468,-0.037624090187475,,-0.06631094297772236,-0.13282474608789327,-0.15941762569794976,0.14644853594290144,0.1389375010898726,0.22342514128080831,0.18119792480430513,0.21174101670484255,0.14930511490806042,0.19094620673410392,0.15283281005652832,0.18338104759734308,0.17233542475349214,0.22366755209684241,0.14380380206156818,0.23049704705614346,0.21904717765537432,0.18463151390778085,0.19173961444790558,0.2303649039844821,0.2262435058685981,0.07504708057959601,0.047983162574878405,0.1458155455816015,-0.14118597548018444,-0.10049801790492137,0.0803850518557275,0.20258541841282232,0.2167710301347194,-0.13647281218480392,0.07609068983129427,0.03255721571757826,0.15152564209200517,0.08298050606326093,0.14733712716451366,-0.03285631099368769,0.10674360225806755,0.16615869893818044,0.09986278906162095,-0.05531719175360039,1.0,0.2694416911919875,0.17570131449275386,0.18538750881297245,0.15393515724930504,0.052876428371596736,-0.010519612348723652,0.11875836185322904,0.17145011910060115,0.08278980049596171,0.1826300994954025,0.2347212980116989,0.11328259544157732,0.15874825096817233,-0.056167179589688594,0.12536019317702646,0.1320317926327505,0.164798173820121,0.18324283152111534,0.15405141147013865,0.0960470077819319,0.1320379393555868,0.12177393659220352,-0.08116856392693256,0.13564667477933917,0.05162821327145837,0.2094633368431279,-0.009236887746237776,0.010631893963478982,0.06506860892147508,0.1774141593636076,0.14251945051886272,-0.02546143953226612,-0.059100750697339374,0.1576038018719371,-0.10232734310624622,-0.01301605763762709,-0.014586029459715558,0.08252332797001934,0.015738831865274066,0.18435779609242536,0.17848607004819755,0.1669350056384855,0.1779225403492093,0.1374969980952233,0.21039849199772648,0.09579675689298321,0.15847915821373426,0.14420516529659627,-0.0030131674281923047,0.16963750507646433,0.049517029573704734,0.08580915428660259,0.17070880509853079,0.13950266169970474,0.01948870991890451,0.13079469812589006,0.05153724204989345,0.15101941906865812,0.0675411517997103,0.019173015902324248,0.135722709604677,0.037427607893184243,0.02947981734490232,0.15783549043721407,0.17300378116506981,0.1764989349944112,0.16802771293695254,0.15083318318643563,0.15591270096143303,0.15902842672824952,0.05567936260557941,0.19431006715725332,0.04849333504719184,-0.24418020921470868,0.07440160726564903,0.06120113504528203,0.0963258658023212,0.2123141705532023,0.0932433633058917
5121,0.339564813094457,-0.3238191235074826,0.2774864700968278,0.7872781282969115,0.7691858148352251,0.8022640247378666,0.9489820529667905,0.886739302461915,0.9361008297477389,0.8666722187057362,0.9040717413811943,0.8861644804867415,-0.07743798210222004,0.8855352147478187,0.22037338112510152,0.9059081058894131,0.9099356096227766,0.9190593169952198,0.9263286086368627,0.7730296319421651,0.33502733828936226,0.08516757385293365,,-0.3291656185277493,0.29693744755655654,-0.027477611316954347,0.24048768795735334,0.3916061367986012,0.7764641525818069,0.8095956364572269,0.830564045253068,0.9232975788584631,0.06927991336519573,0.9276292592825278,0.28325870828424365,,0.5121556207500438,0.8660655476133357,0.4476600546894903,0.8771296860206068,,0.45756619365634416,0.4807838455784451,-0.07676728095394113,-0.2602801288171359,0.008881517695608692,0.13162248286114092,0.42803930200586643,0.08668585782530516,,-0.07453640042399427,,0.6932421149835577,0.5885867139259242,0.3676167306177445,,0.5280203675934942,-0.17409236496621144,0.34187063447276556,0.2617696929009691,,0.4453600239297083,0.4214291565176087,-0.06830919855875613,-0.023851234098672413,0.6909982819992487,0.813898124926676,0.8320196354146363,0.12165924355916102,,0.08374015774282192,-0.06832198458395702,0.09055282617889138,0.8269591561705837,0.5934466087113416,0.9337255696086418,0.904998486456711,0.8886479750074415,0.47556483634919217,0.8803537944431569,0.9104966631828889,0.9198596789090631,0.7138499544893798,0.9486325089734955,0.881495584992218,0.9572105501956965,0.9111141662396555,0.8092608760741588,0.9053615908076813,0.9475838682925266,0.9455554970332339,0.35535359822271817,0.39033095830650094,0.8686563355951504,0.07230035133249009,0.2042255146027337,-0.05284507114950722,0.4547017948470757,0.8938361656061639,-0.05635979415794753,0.5761516897931059,-0.062775664605949,0.8200556089861314,0.07618586981283211,0.891676892032623,-0.01844156362258073,0.2123657460126453,0.6622632986023785,0.7686937356142118,0.04292238765917877,0.2694416911919875,1.0,0.861025350668934,0.7648458719436981,0.48501325732882306,-0.24315424782876707,0.16227102486170666,0.7935242738685352,0.8305018828308102,0.8117764208437038,0.899068442149572,0.6133694063033481,-0.006096404082120409,0.78944397056976,-0.21352232501284354,0.6240084907898651,0.8866700314826128,0.9014491014495338,0.9241733792791144,0.6458075616127886,0.32084093797416435,0.7109953401553254,0.8250007869705352,0.2083311165677486,0.8120497804305286,0.04546635397305659,0.8748961850597191,-0.0774379821022201,0.4805819556716342,0.04033319277964283,0.8865966511092613,0.42854512272793166,0.2051285006473188,0.23924488619400938,0.3394432393550775,-0.10582009524700597,-0.28652058085633414,0.09321897083036584,0.5360913780806582,0.62936732004963,0.926759396544655,0.3513365512153253,0.9196486602223691,0.918214488575706,0.8698702186048102,0.9491340165686786,0.8131526785065937,0.7709874502117864,0.8686247119234262,0.5720725221838697,0.9212280548284758,0.5726724946380183,0.6162689769599051,0.8478575140926383,0.6219436048810335,0.5554513622892779,0.8920229061037591,0.2552414915893411,0.9119750222755041,0.708667549599323,0.6627086071744567,0.9000363834647553,0.3827721766575566,0.3247637861587728,0.8612159434403409,0.9111477287320662,0.8782256934759447,0.8930958607464726,0.8745786683206815,0.8948466124837804,0.89973236100845,0.5655633099987974,0.8661684811280143,0.6554487362269652,-0.13306495630148157,0.35794387234760683,0.7036207584879516,0.7571510493049675,0.9220125296480666,0.7260912193273907
5122,0.2134786168960458,-0.2154603495862891,0.3971366577780542,0.8942735725200912,0.8757071086687039,0.8498597213583005,0.9118978094754085,0.9360582871122507,0.929872989075439,0.8198312264445198,0.9246670681983775,0.9332807476449549,-0.04807249060153569,0.9426641511186246,0.2978477295527813,0.9370829249907665,0.8813384087638007,0.9235255858702359,0.9333164695333741,0.8971770708075498,0.2461442992546025,-0.12184991262312206,,-0.2147851575341164,0.43264946303832913,-0.09209320390225131,0.3466714193588731,0.5220140930486854,0.8623129561511651,0.9078807817314117,0.9187521992216775,0.9071359344361285,0.09481976566020617,0.84165144938503,0.36878532339247866,,0.4033170672263676,0.708620455042635,0.5208045750215728,0.9358491315471839,,0.49897994346367375,0.6250613160643634,0.05168901137112792,-0.2510778237010809,0.07699863934859254,0.1209952134736133,0.5782169937091706,0.11515060149859706,,-0.1772234696815329,,0.513546383253698,0.5431321937959419,0.44184672937409,,0.357658592657999,-0.12088730646603342,0.5514699221316931,0.37013004522838877,,0.30802671902136264,0.3587695886854488,0.05603306585554961,0.02523942879261602,0.792635488515901,0.819390636533374,0.7971296728952245,0.2616228516837505,,0.18448008082665082,-0.030461483190302275,0.1361984038450921,0.8282460718416811,0.6572374267272053,0.8922488572120524,0.9131235439019552,0.8134941973141894,0.4036840007756433,0.8850142917698056,0.8519201478622404,0.9261106219214121,0.5212385099736655,0.8818782227986498,0.8827158043378236,0.886591216191739,0.8273004246394815,0.6392677084271756,0.9069045891731935,0.8840391341590225,0.8589300259073153,0.49918089767647644,0.33286560133715803,0.8884694761004548,0.06410717974454212,0.3884367779480882,0.12202289427110452,0.4469468222425904,0.9112051363093129,-0.0344332849806898,0.6938117801091753,-0.11903966465835934,0.7562842121972514,0.13149580912002756,0.9375841977749346,0.1510509207072998,0.2175674296511655,0.667486269423066,0.8339055102869308,0.23339288125456817,0.17570131449275386,0.861025350668934,1.0,0.7767007215692717,0.5286909927593573,-0.2749634231441596,0.10143895593749601,0.8327351551414658,0.7105805975869414,0.855942977600525,0.8560291647380653,0.5638719519044693,-0.09867552790803817,0.8570238614887423,-0.2757328209179816,0.4627378988521107,0.9196492993328205,0.8791786627247973,0.9067722322374947,0.5632618254970093,0.28623085421046407,0.8001852028311949,0.8975435486633285,0.1323650845450488,0.7881001414878746,0.1129480308141574,0.8529446999968203,-0.048072490601535775,0.6193863977659861,0.17230821935131937,0.9402612283287434,0.37128272601180473,0.2962386123741382,0.3712835889075614,0.42545620189482797,-0.035402951914742034,-0.2729522470759058,0.18925624082515566,0.5027834214878787,0.7341918655413247,0.9319758557141363,0.38167227713807067,0.9309276434962925,0.9340849160618143,0.921175736191559,0.8943011276028422,0.8606165322802114,0.8498520852653849,0.9263541253348718,0.7177483866160671,0.9340500314007575,0.7532742097575135,0.7980408210450017,0.8952198388478961,0.7607012464325419,0.7297556803648373,0.8848862577892311,0.2984465182349633,0.9309578834276545,0.6397143147696492,0.6645733077035872,0.8687668613879113,0.6098042732765748,0.5432181883851133,0.9218942341600666,0.9181314516675376,0.8983413387996849,0.9390666179457844,0.8599701281234147,0.9149509112176644,0.9258060274890471,0.5082003007045817,0.8972156640761294,0.7506682401415173,-0.0888724908275095,0.4301869197298309,0.8595646735734691,0.8099132321048743,0.9007585223597437,0.6856727745325523
5151,0.32475553494958076,-0.22861319027246402,0.5011346512818091,0.7315343243919923,0.8070549688058982,0.7486476275875004,0.8301659530886926,0.8289989944493013,0.8352077722639709,0.8557103621737006,0.8592609320162585,0.8513695256586244,0.15594695138823117,0.8101858199797716,0.5178239781669046,0.7888033036472233,0.8006772846310539,0.7806268197316077,0.7855570164978105,0.7593932030303848,0.349611509331717,-0.032074232052930994,,-0.22560777673164428,0.5010223847968275,0.002494092461158652,0.15048013412210637,0.4889733439200177,0.7008777184950236,0.7489834285651203,0.790108901078788,0.799672335968934,0.061665295007599666,0.7768481772393878,0.3105331446864054,,0.4952668678250752,0.6520883653836216,0.48889088434410155,0.8206402023937105,,0.48483309727915264,0.5183262981680485,0.05069611958791664,-0.05608886236797738,-0.006351429028873733,0.1533308268387416,0.43968206940172,0.12720282083239953,,-0.2054017043451167,,0.5593864541883512,0.5255221534277928,0.3824261141066769,,0.355912179506784,-0.06148640544505969,0.5291915531523005,0.2769356447308093,,0.2848031325479685,0.32533324215778686,0.06380134718926184,0.04484756794693122,0.6649612341044487,0.7867254514561592,0.6402258114316377,0.2319957729636051,,0.18641782058517195,-0.027566856733403745,0.12167957001048904,0.7888259218638409,0.6125693806303649,0.8082695426362243,0.8391170566640316,0.7750362136922198,0.5403634895215013,0.7400972378492371,0.8183048152764478,0.778454958937205,0.5739647772527579,0.7881091581926559,0.8535253731678646,0.817679256718682,0.7328850406301819,0.6613193098706288,0.7578283007694219,0.826761836929878,0.7763570999785534,0.39883365875729115,0.47017327305420475,0.7571398143759798,0.13538877539425725,0.40363968297243363,0.09103553752130332,0.40391872435903475,0.7939870334643043,0.12468174483387888,0.5688787509273331,-0.04242617541916073,0.8078231265446914,0.33186668054754637,0.8015022724531098,0.11860983841982801,0.2610659988453548,0.6007763398722413,0.7296832074454755,0.20552114687412354,0.18538750881297245,0.7648458719436981,0.7767007215692717,1.0,0.45422206769833423,-0.20172866451098473,0.25216533099495675,0.6739043251357497,0.7907350986931189,0.7137045074598087,0.8107117748279805,0.6676160133406279,0.14281158903132546,0.7684802410097255,-0.12795632645853,0.6216058622413211,0.8294911554523923,0.789755687976503,0.7928056351252344,0.5551102008911106,0.44404366517555716,0.6028196851660271,0.8283505193101868,0.16641537034940898,0.8696490007560126,0.11508158476430329,0.8878972506332795,0.15594695138823103,0.6090151745059975,0.10993002812147874,0.7929432387647358,0.43807298625326224,0.33136651132031975,0.34170744618656673,0.3676112293200909,0.240210373405728,0.054989961328120174,0.41830196156093463,0.4992691835731795,0.766566651773599,0.7983479362405227,0.30622911274244224,0.7835763719568339,0.7778893891000453,0.7597067080415177,0.7970518072753185,0.7670054410201387,0.6926186129228632,0.7714916701095412,0.5874570642437157,0.7916702037496666,0.6015593308175539,0.6130728451270427,0.7376694413766901,0.5755329516769276,0.593171560138303,0.7757882730867972,0.22780913822188936,0.7832553543671419,0.6867187310847406,0.7521156936870855,0.7770746461862044,0.39159664863167515,0.32509631627941904,0.7645334475673857,0.77882384076549,0.7800104534873057,0.8105448777549285,0.785345410016968,0.7670640380694085,0.7511110252946064,0.531881112767688,0.7141066491978352,0.6115058662197441,-0.045964194512791184,0.4187489282292097,0.7173781617874917,0.7677192582466452,0.7676750799481962,0.7438896996148898
5152,-0.3141096250284542,0.08182488108150619,0.5422716610474675,0.6990283621198492,0.6945829594596388,0.698687675564805,0.47983107025873567,0.6053397482536702,0.49048847028199194,0.5113238330901166,0.5123904147630938,0.5718527775486207,0.48726405198608624,0.5727744337183427,0.37539740082223866,0.5424495215916804,0.3366790874174719,0.44893510057340463,0.48444097321501545,0.6063214802990333,-0.28702781057379345,-0.20661095307807878,,0.07886978784275746,0.5834900987308329,-0.06541395490823937,0.6809702153238967,0.6163340203964779,0.5513197281307268,0.6719856942134832,0.6367865167562243,0.4518810281249382,0.10912914218681757,0.3827484525892924,0.4033842616088848,,0.23837070345776842,0.27814734098443994,0.14628107356887102,0.5921387042151962,,0.4283322875067876,0.5416645267760313,0.29325136307900035,0.13076970391628828,0.4801362108149819,0.08661326909381921,0.5484368534265782,-0.0782522595763331,,-0.32779177750560695,,0.1367541761377171,0.548887445905449,0.38261725754389847,,0.13934039936139117,0.29457082735407636,0.730714921779456,0.4820202383645551,,-0.05574835807379409,0.03226369687247583,0.19144316934135686,0.3192086094511656,0.731294592927223,0.6346619440887766,0.478312899662535,0.44233280084577653,,0.25889588995522056,0.1163300594726855,0.18092527990044516,0.40600574767178677,0.6697191407276393,0.5598256017771971,0.5996577565576902,0.43121239742803363,0.323462101900112,0.5372249443280042,0.37461956209847685,0.5253878269503712,-0.09347896307238007,0.4545983409825922,0.38400995615499706,0.4827905129595347,0.4325077805000846,0.14802521674167934,0.47774281380870504,0.48061045748890757,0.47875346088421117,0.4447917968353938,-0.033399277436962006,0.5133329986050836,-0.11921913906792667,0.39458672928037736,0.44456627036331714,0.20885713436697484,0.5079311491557942,0.029688682966035513,0.6180273961932495,-0.11960457300110294,0.4308542123343489,0.049493172488014325,0.512712220406408,0.5374804141320204,0.030777901695651127,0.31397806440327486,0.7458492694675264,0.6978083522326871,0.15393515724930504,0.48501325732882306,0.5286909927593573,0.45422206769833423,1.0,0.1125099312434284,0.2201887833497901,0.2561038122803611,0.1838078971302891,0.4087812429529883,0.5276270539341579,0.29392328025908254,0.3683049389034841,0.7053234352319179,-0.3992145901730469,-0.07894166142679257,0.5060474125954912,0.4045748762095233,0.5070607979727145,0.4463171526618277,0.46541988245236615,0.7197832190916249,0.6391025816047888,0.05547608789024349,0.43910673121290994,0.12358334049805395,0.5052271986013371,0.48726405198608613,0.7118867942906152,0.6013286315097606,0.48321270695128343,0.019205884297988182,0.3876472031449681,0.5650785923510995,0.3406427075577101,0.20190544938700591,0.1350557371477677,0.37569293982861146,0.18260371417985805,0.6679121336371402,0.4604945771125365,0.3634726717928169,0.5069026842589393,0.5457652526559436,0.5499541907515867,0.48479557575680443,0.6557142509069945,0.5375779772666787,0.49550522683812775,0.5631144881134947,0.5241501738156791,0.467192502662182,0.5986780243861805,0.4274895572043448,0.64481988620066,0.6554862246276527,0.46023089493735925,0.5026784307676601,0.46308116283488127,0.10429851530284505,0.38503592685689575,0.3935535021083236,0.7027240709405356,0.30512800340910673,0.5736818253473045,0.44675407310915055,0.45851879279867713,0.5372893546671992,0.3941584689210376,0.44057445545279494,0.4959764304510152,0.3728094787050914,0.43095855539306216,0.578822080511546,0.16434606754212944,0.3083455169154223,0.6128609693021091,0.4881274074195716,0.5094113790379171,0.11434437011190741
5179,-0.3029762204427407,0.2861960145000548,-0.0017025883254625296,-0.17999331615807676,-0.16169292449411102,-0.12444352703051315,-0.2745190285357146,-0.24115711130194087,-0.2991648911368687,-0.14333943901619917,-0.26693189017222607,-0.2672993530065277,0.45743309548989747,-0.2944376392671784,0.05000899322030379,-0.3142397104373257,-0.3480943080349544,-0.32784617740419547,-0.317816694267734,-0.28459935382998575,-0.3069023594222814,0.005774059391542106,,0.26860782768035424,0.0548293498021955,-0.13273212956423935,0.1465745490233325,0.010923302575842642,-0.24008984783898457,-0.21106389353427266,-0.20724043072511483,-0.30736258110278736,-0.015560110366357177,-0.26703005500034965,0.08745139096996908,,0.007284812493312883,-0.2608589007783268,-0.27540160647636586,-0.27109493575754706,,-0.09899678603907944,-0.1972444852375419,0.18371815257709267,0.37922789293347114,0.2214399198487547,-0.1173150356056761,-0.1124331956250337,-0.17232632743203655,,-0.07179252261911423,,-0.17469364033417795,-0.04228314490411245,0.0339601987221545,,0.035579463423816175,0.20861567714615584,0.059126848522136836,0.026217679364063183,,-0.20010913833174535,-0.2462427890173697,0.038917687220433435,0.43417603623667556,-0.13652858781569993,-0.10571285666816949,-0.2470427167545443,0.17099676425657975,,0.13836967450023707,0.1366448410899513,0.018113286620645864,-0.21384738868716105,-0.036416738391906296,-0.22274532967897545,-0.21821759476252708,-0.19970273493481347,-0.0719092705991001,-0.22093924754354427,-0.2997545896477949,-0.27431117850379116,-0.29918490941783366,-0.2756554445851569,-0.3201125050190531,-0.25519018806858373,-0.21285636431424995,-0.25820598171101233,-0.33476856083582,-0.25780203742689756,-0.2285365880273148,0.03303358208110667,-0.12968640599302633,-0.34250300306587267,-0.20216683554391535,-0.10426930571690937,0.11763770929265963,-0.19017369836775028,-0.27693600061804635,0.04000161526717875,-0.11004944640729608,0.03559055513832384,-0.17847124583805155,-0.02599210159149798,-0.3136308563505994,0.229780435336622,-0.11788689280787965,-0.1938628839661287,-0.06391401681870654,0.21487443344988258,0.052876428371596736,-0.24315424782876707,-0.2749634231441596,-0.20172866451098473,0.1125099312434284,1.0,0.11797204789860184,-0.4182101131476336,-0.2802835358992091,-0.3160739784987662,-0.17668471739760436,-0.04247270363412915,0.34276989366505395,-0.1041196064063529,0.08429893380117036,-0.27100986465187804,-0.26360858207225113,-0.30002726728584683,-0.29287462736223824,-0.13310200967173816,0.10555384025688083,-0.1333630072150547,-0.17819497297863732,0.011176724160354876,-0.16850344426576147,0.02664311499985644,-0.20341418596276026,0.4574330954898975,0.023505050064179352,0.18489509490148243,-0.3515690182577653,-0.1350438108834017,0.016966681690454944,0.038373879827332896,-0.13213300252977908,0.1619644365770785,0.3614603036123838,0.1429631503116155,-0.11935630302281086,-0.09741672061488638,-0.324809297867401,0.009638749863376345,-0.32686495681261424,-0.2889773400491913,-0.3241564731081728,-0.2887702772001271,-0.1426847969860991,-0.2687854629081236,-0.3446311647761492,-0.17113747006433797,-0.31949625932478865,-0.31520604798563645,-0.2613133995822435,-0.349770510918669,-0.18414218756493989,-0.18637737909271354,-0.32105522067737025,0.05569270355216785,-0.3387666444792513,-0.31373921292698453,-0.11799275390908796,-0.32617518056867695,-0.10393706899604718,-0.21451971176600249,-0.2647400911755392,-0.33432728714860765,-0.2773329489854524,-0.2946594193760054,-0.3212854949615274,-0.32833258691872025,-0.347989915216659,-0.11742844592173471,-0.3078963060419773,-0.17381583302488593,0.08993876740437745,-0.06641422378775991,-0.27447798474386537,-0.2597122680306604,-0.28801578660504923,-0.3367304423237095
5182,0.06746536108596554,0.02894869921626115,0.13779665382579054,0.04998047830937127,0.12283751730137192,0.14764878714555357,0.14597130089533197,0.09958765638697392,0.106420182889426,0.2943037711183776,0.16368123580926813,0.12130588232660451,0.34612962767119004,0.06307991411661124,0.13334675023276776,0.057805881845985944,0.13971836733434576,0.042064223322553725,0.06191749667180413,0.03130728006471991,0.02766957551561241,0.2011590769146435,,0.029019554213899828,0.12117313233966955,0.10600262119524512,0.04607395829677773,0.017684804647823064,0.014789530317282364,0.03593969478048295,0.12232068681756611,0.09752939862325959,-0.01987067948082742,0.1810193309378794,0.12608240009615584,,0.16163359480368075,0.2192225145198019,-0.048848208950369246,0.08703308265067371,,0.06132003480527144,0.00399415122190864,0.016585138040029406,0.21265046851540498,0.024636758816756334,-0.046846883250011025,0.048419762781780874,0.02809426400818488,,-0.06998117970928498,,0.12471452058793958,0.20946466723589208,0.04450037034916498,,0.24663015143317196,0.13245572698920183,0.08670065004509654,0.07716386868086128,,0.08869698272899236,-0.02157380827694396,0.001344863693702471,0.1500900881245163,0.08573932339418366,0.2212372500498861,0.047964592013075076,0.03897912510809779,,0.10631152150930119,0.021280507247758887,0.032664737518598365,0.16432261846950313,0.20717081151624822,0.16100291904565872,0.14505114658215001,0.24293696897652045,0.3513781374241966,0.06188508979318635,0.17427881298495304,0.07254651145262964,0.19714572761778026,0.15303790291316943,0.12619810447868834,0.1742807731814955,0.17804256706577581,0.23983019140540543,0.08333585957819345,0.16856049154813885,0.15608391006388994,0.14734843340465595,0.1908833583654477,0.01600141820033379,-0.06787117294185617,-0.09118129890171278,-0.10890977403434006,-0.15152645561491362,0.0902645001814358,0.05871260041546255,0.04605209817400012,-0.023254308197755518,0.2962016699506814,0.05750628413787639,0.05468523081251998,0.07841407438408401,0.008401644857652863,0.09328308022230389,0.1260525087874074,0.008667663597520308,-0.010519612348723652,0.16227102486170666,0.10143895593749601,0.25216533099495675,0.2201887833497901,0.11797204789860184,1.0,-0.10067865400571913,0.24309565481835843,-0.007665639930820143,0.22102830376740412,0.29857130014247596,0.3890426155309071,0.16203093591372644,0.06708011254640327,0.26799702162370675,0.14220492657163897,0.1157607425322294,0.11684874213463241,0.19268887827044143,0.27156449189693366,0.05703733715098859,0.13110865442280453,0.16659959809338,0.35093378460465297,0.03500882032127956,0.2471519779576257,0.3461296276711901,0.16523539049449032,0.0635954309921438,0.0216903861203911,0.21766325317744792,0.04120614156153217,0.02172349777480957,-0.008951516444328421,0.1124080384171173,0.19235520351374227,0.12360478120131757,0.09903166429570888,0.1788710669243547,0.06625135985532098,0.12607891963835172,0.0681028927119874,0.07687702645376517,0.02033046316450899,0.1666092764045666,0.13709196141442556,0.062407740794423294,0.006269336996991204,0.012746090473875026,0.07795352567973628,-0.14833617650352807,-0.09876393295679153,-0.041407747869186884,-0.01616916386755533,-0.042635076391881896,0.13062767362378916,0.07935045596158925,0.04013578299633448,0.25448173536194263,0.29537745210183347,0.10383181232140536,-0.09856130788617033,-0.14519797976900717,0.063746309837006,0.04046015020593555,0.08392426648911057,0.07818673278379891,0.12068202143397655,0.03255654561031719,0.026284643691003334,0.18643908042951476,0.016906153412378562,-0.009526909571124474,0.11732475669090316,0.13241647213645727,0.016428321401382624,-0.0006097634672890146,0.07870497529437587,0.1910416899874809
5191,0.4387386541191634,-0.4013820733348523,0.267996443356623,0.7457236177123712,0.742748202539151,0.682235420128797,0.8595696352478839,0.8430602987765258,0.9113942135703489,0.6499343509944283,0.8441281211476522,0.8570469635809962,-0.3927283869582698,0.8665787796123415,0.21162865027124414,0.8973073385381317,0.8866218638150334,0.9251782022562804,0.9020837748621967,0.8425614023682221,0.4841095214774255,-0.09777062726423927,,-0.4065178496320427,0.3241192386371416,-0.15277562090816793,0.14377885052961875,0.32709342292601307,0.8040250918304606,0.7750340815243036,0.7697758493499095,0.8829000984658841,0.10432918852720807,0.8376694791558369,0.12174776521631717,,0.36496864817606595,0.6756050306417746,0.5004023711249492,0.8609152558896134,,0.4194176531887458,0.5511474308129072,-0.09006991224536434,-0.457603349483214,-0.05349297371557478,0.16486682093929053,0.4524574424621929,0.2021547733218623,,-0.10216100131862459,,0.5364619229565205,0.4266111879802879,0.36862259879187476,,0.21066897725993194,-0.3025267907515859,0.3482381015304252,0.3059859497264969,,0.38532822663918714,0.5082303507271884,-0.05973357019238358,-0.22586694638239202,0.6112485731570843,0.6377371095769127,0.7665589730178209,0.14123665912509525,,0.04583048008264276,-0.061869849784288895,0.10658184006776797,0.7703485665162547,0.43810322552901887,0.7725545659464509,0.8301216295979035,0.7382192065849569,0.20735123059955926,0.8494127853288597,0.8554061543302849,0.886931781495541,0.6142417426188123,0.8253498228527546,0.8856609021192577,0.8139314670782354,0.7371525954768442,0.6655398026066676,0.8577987119293691,0.8106234665632343,0.7807969256010651,0.26983454296567033,0.42690305752763696,0.8816051633411419,0.21944902246942993,0.38779021969259136,0.011917293761087293,0.4950849123464132,0.8469619663369312,0.0066428191592341895,0.5067089389328826,-0.07943765381126587,0.6183521237420935,0.06861664237866459,0.9030142863008938,-0.09589622619085011,0.248977368430947,0.5636746487955739,0.684347333145626,0.028902135704869703,0.11875836185322904,0.7935242738685352,0.8327351551414658,0.6739043251357497,0.2561038122803611,-0.4182101131476336,-0.10067865400571913,1.0,0.7104392406453514,0.8940843137045567,0.7278729754160488,0.470150735461221,-0.41348619861831465,0.6500049425395628,-0.2472876743305491,0.4826555269452037,0.8424188787241833,0.8796972621507287,0.8585339251236226,0.45174636592938294,0.07080193994930178,0.6022494171263996,0.7759528573170538,0.16566340296737997,0.6443556612733646,-0.002210392294111628,0.7287988166707466,-0.39272838695827006,0.4482716916587677,-0.07646961777558876,0.9096870737234309,0.35373202725506014,0.2640517010910942,0.23599021510560167,0.3261956566766543,-0.10032347953058272,-0.5261152103168963,-0.02170237084660987,0.5627579190152648,0.575912725449684,0.9112512099628668,0.23175249293573913,0.8998724395005544,0.8750538123632166,0.9023579672836335,0.8346455119078545,0.7397880163120191,0.7782018915960449,0.9286444129019102,0.6341874791131754,0.8849605550043558,0.8176358470196584,0.7661269326957058,0.890159415166303,0.6613040716327495,0.6595201199269962,0.8695353416620486,0.04146399678926898,0.9083719453961625,0.692377272961277,0.541732579592163,0.8626911868059957,0.4400081766306725,0.5007022205941322,0.8336291088431941,0.9345264805364372,0.8402228787340865,0.8860730727239413,0.8374519550754086,0.9311307263118369,0.9179433138263372,0.4245375196690808,0.8904281933791284,0.7059866065337584,-0.1475026480254699,0.3576402000271363,0.7978468162711334,0.8122784237978924,0.8579116941333983,0.7684252363832456
5221,0.5456801188689903,-0.3914752730293984,0.17063860327724048,0.561120627480481,0.5944022760839192,0.6176505462931883,0.8674049662280524,0.7347161721980227,0.8275709448305365,0.8809303568008684,0.8329466459560749,0.7713075642808999,-0.1257142912462135,0.7352337018803524,0.22942432022163534,0.7450048388481203,0.876005539999212,0.8009813241166053,0.7982384971670278,0.5868574746398106,0.5272069665530963,0.2121102641286801,,-0.3943396706408681,0.14267158458698362,0.06144335392201248,-0.09687565876526757,0.15806877088557186,0.6082859467516105,0.5958408222632957,0.6673740431006202,0.8417449108842939,-0.017058990960787793,0.8721094098063982,0.2091631853688921,,0.5378603791185135,0.8562490661410328,0.45045195724465564,0.7213759977980038,,0.2990214630133394,0.3203406700727386,-0.19627912849365242,-0.26280353656418953,-0.2151657832407963,0.12119890154458968,0.2373946845109065,0.1673282852015865,,0.05180435715293965,,0.739206372347709,0.42154065024833437,0.2513750751021979,,0.5743109524673693,-0.18913309018421742,0.11989986488586066,0.06934345122177091,,0.5143498831523426,0.40069879301885275,-0.11419612449357786,-0.07853862465675583,0.4666103875493849,0.6947109705304518,0.6820110716993952,-0.09318588939818093,,0.06093212083167703,-0.1241396132674707,0.016981741435040228,0.8002060303335972,0.3973632157561756,0.821838099102557,0.7746203211635808,0.847104184358735,0.4952002578632878,0.7170273798608244,0.8884102543484591,0.7764534370307073,0.9008393648920305,0.8642673253886357,0.867700927411818,0.8732433768797544,0.8315778714058731,0.8949101387098506,0.7794513756512622,0.8616184594104347,0.8483682116093513,0.2346630688074751,0.5476923304975096,0.7284095953660104,0.20704188250003072,0.1074816650080492,-0.30285846118649173,0.3946503507510496,0.7583739884072266,-0.025110075534803163,0.34303657020479417,0.038864019147509796,0.8196281192604811,0.2001891484843636,0.7468954081751381,-0.1915905710725766,0.25497293249029995,0.674664258069607,0.5466389691371455,-0.2593673183781981,0.17145011910060115,0.8305018828308102,0.7105805975869414,0.7907350986931189,0.1838078971302891,-0.2802835358992091,0.24309565481835843,0.7104392406453514,1.0,0.7050027262581754,0.8351837087904693,0.6570286406480321,0.006144588251642636,0.6247628357223513,0.05234095759332218,0.8885186563611579,0.801035847853881,0.8383167799009091,0.8128949208697773,0.5650133013369746,0.2582163076125301,0.4477589999655541,0.6861186880335813,0.2530118733703223,0.8515529465578769,0.009107700217314312,0.8668716931975885,-0.1257142912462137,0.28038346663964037,-0.23539881747176025,0.7610658525078285,0.5749657470663524,0.10164167368483196,0.054699853425524136,0.16226352774992558,-0.05154917715212309,-0.17200963937337152,0.08657320947518753,0.5590890842286614,0.5078905136431078,0.8203040125565526,0.2689966878690549,0.7719089057919406,0.7598705697646978,0.6916628060802248,0.8476114344687052,0.6381280587904046,0.5884404196969379,0.7214435135682227,0.4088589678596376,0.7732326767895479,0.38108843861028996,0.3682340144009444,0.7165617563131282,0.345952154049033,0.30555362934896635,0.7782198500819166,0.10556401318634129,0.7919802402393608,0.8024372155852796,0.6900755585795368,0.8467757806114549,0.04901415538595357,0.19903404411158826,0.6754026088896578,0.787104177297846,0.793890671116507,0.7509722187208857,0.8272569055448626,0.7747337237680078,0.7363336756944935,0.5781831793288819,0.7316128759453738,0.4390842945536769,-0.1785587526321077,0.30613181704710934,0.5051123136870361,0.6205140500329319,0.7905176606018609,0.8438776282413251
5222,0.32907687672575925,-0.2721149838145558,0.3930555727813516,0.8212954026302887,0.8182471880671685,0.7867652184874592,0.8971055173119663,0.8974785488737035,0.9205933749294309,0.7565875883006271,0.8841079163232894,0.8997204801698572,-0.1739438218880566,0.9086971991588374,0.26312888127275424,0.9173605633649048,0.8788375770264785,0.9357947029144281,0.9229541245364814,0.8601760282048091,0.3849933146743504,-0.14282219171789412,,-0.286765147939104,0.47157650132938195,-0.22236749624670388,0.2839011167018863,0.38436076158887134,0.8554996618713507,0.8376342664313882,0.8345130210664626,0.8941446257952633,0.12428150401219883,0.8006510540911863,0.24180319575151166,,0.3624369898848561,0.6588595875281017,0.488226616522086,0.9042515763768576,,0.4628072441915415,0.6045011923100316,-0.02847056729683882,-0.37916561229885026,-0.00041149504832414986,0.12684449844064988,0.5242916009529449,0.1645839643909247,,-0.12671789494833857,,0.5292232249625766,0.49525983827133596,0.45458273367089624,,0.2615720813779516,-0.2434913923817324,0.48093435100470366,0.4056238605235692,,0.329564033745555,0.48124849489661425,-0.047136285325999075,-0.06968203406276188,0.703411764231724,0.7386819519960548,0.818007821016984,0.24720674475158574,,0.09440643051544631,-0.030003670425696502,0.2852341782703017,0.7852341193739408,0.5608552328682167,0.8355387710521953,0.8999701732646912,0.7879875038781227,0.32293475798210763,0.913311741044835,0.8915393536058286,0.927701256316216,0.5543411574685833,0.852989254162368,0.9092798983297568,0.8496881611694082,0.7670476860772276,0.6747772568750325,0.891712777996172,0.8427408944923491,0.8202115778552471,0.36677050864051675,0.4333238278475853,0.8836743409650788,0.14354413933631327,0.45397135829597923,0.04818944117665964,0.4945994837897891,0.8479028133732579,-0.03367636405246563,0.584143048582881,-0.09002660834221503,0.6684877224552824,0.03192545788138721,0.9210190230437204,0.06555809410019749,0.2189849456218332,0.655382894379003,0.8082215684970202,0.1921081727713332,0.08278980049596171,0.8117764208437038,0.855942977600525,0.7137045074598087,0.4087812429529883,-0.3160739784987662,-0.007665639930820143,0.8940843137045567,0.7050027262581754,1.0,0.8369071262318416,0.46197109569293354,-0.1967734878933294,0.7748113473071381,-0.22534797262543743,0.44756810882732617,0.8772702358494797,0.8688207960180317,0.8950992706017508,0.46982350055590894,0.16556141076695696,0.6992758215631256,0.8649873482611254,0.1466124340218066,0.7275211480002284,0.0530167892316855,0.7722884866652657,-0.1739438218880567,0.5480468015057374,0.049150995875780965,0.92283229820256,0.3470415325673665,0.3215200165648678,0.36845766263723995,0.3784304189209909,-0.06251319828086835,-0.3738671604469876,0.12663840393493778,0.5648821679778919,0.7060877366688553,0.9170442982048583,0.266635893156704,0.9123400294020539,0.9062380167891328,0.9111535352649396,0.8497165030168765,0.8466767094089007,0.8054674772280556,0.9215602442813308,0.6913927777683242,0.9083383520212597,0.8082389260682609,0.8002948827484022,0.8831281326508976,0.7201103629520792,0.7167798442421425,0.8717545127433848,0.2409579501839973,0.920537622587102,0.6608851460434275,0.6402414838238993,0.8725811727903954,0.5628335417443427,0.549341550527088,0.8758572954235326,0.9262362971374676,0.8635559826891233,0.9188865727506794,0.8729345160562388,0.9429280106844875,0.9313991140958192,0.48118044899073986,0.8754775876703643,0.7457424013807873,-0.04211223363810743,0.40685261655711613,0.817493603970939,0.7992361649159988,0.8572473774513,0.718360619572924
5223,0.2522227773151909,-0.1776739708845832,0.3802174437559274,0.8351315745367821,0.8304004640982279,0.8824594758089681,0.9505117903510468,0.9109979747166652,0.9131363130312182,0.962941323150096,0.9340687168117524,0.9142424248064963,0.097680720645026,0.9031643274804093,0.31112383215895717,0.8863436229278508,0.8804575332488147,0.9029121000048551,0.9161444231224377,0.7801485293643071,0.2650379168033178,0.018948707337373298,,-0.19602024745431396,0.42105663278886524,-0.10134717168066193,0.31996202494260223,0.44223969027910903,0.8122148495050101,0.8465431215059683,0.8771077017024528,0.9166148046138239,0.03674552897209279,0.8711896268137931,0.4129981604372124,,0.49064033674416546,0.7923738449345958,0.42572137576574387,0.9004457826985302,,0.53410430635205,0.5690313984458876,-0.018485696181464447,-0.17616984039901512,0.04415436471435124,0.10434805812606565,0.4709056152107224,0.12720680977193988,,-0.08166982240631851,,0.6021161416614484,0.6059310651219224,0.39535873235421526,,0.5282031207108673,-0.05139669664169286,0.46709647081654,0.3440134689493488,,0.3938290185493523,0.3956506522407334,-0.008303915525466683,0.12761079343924825,0.7747754113490508,0.8641522044884999,0.8374549607233486,0.20034399665977676,,0.20228700857470303,-0.07265082874280739,0.14830349780237212,0.8567497851938264,0.6540212303151501,0.9437803846806013,0.9341794202034975,0.9114997399559684,0.5386920165159238,0.913795806349667,0.9122080871428406,0.9263072974555351,0.6699990118712748,0.914148580571866,0.89007652917368,0.9347768929359219,0.8698063745992237,0.7670260871818397,0.9031136422552207,0.9203392497670649,0.9205472364686509,0.4853630695965422,0.4189021830995715,0.8401905620349486,0.08021807628614726,0.2696998436540791,-0.04956981215242221,0.467992692016638,0.8693150114097163,-0.0401480631080763,0.6111209155049594,-0.09424768452552511,0.8418956826973488,0.08653759756540466,0.8746683684548879,0.10337893327112367,0.21863460159967213,0.7461922540022146,0.8376853464425652,0.14708796003160887,0.1826300994954025,0.899068442149572,0.8560291647380653,0.8107117748279805,0.5276270539341579,-0.17668471739760436,0.22102830376740412,0.7278729754160488,0.8351837087904693,0.8369071262318416,1.0,0.618607868343248,0.16884657887453755,0.8932994150573415,-0.12783907987887616,0.6082517650245273,0.9180944563249414,0.882492850219673,0.9278932159942596,0.5963660419507089,0.3851759962577483,0.7548413619456715,0.8967130417057606,0.20102144891515117,0.8860655837498257,0.04222076292051903,0.9088222057468832,0.09768072064502584,0.5559666307700974,0.11613977894807948,0.8892151325547764,0.4451904349998537,0.23265555353910042,0.3463951417519621,0.35328481181627136,-0.012909612610936962,-0.1306374338901081,0.24139934842694472,0.5519625814424454,0.7415357489404616,0.9058139060027729,0.3558415523352952,0.8866553952843738,0.9059844612198942,0.8424479760778135,0.905539319800913,0.8739169103578287,0.7892255497560016,0.8375080804081143,0.6135809479198732,0.8971497135221388,0.5760850783369065,0.6409638765625834,0.8194328238905618,0.6524959168282454,0.6154451352965767,0.867458973512661,0.39679016526289784,0.8876278837327504,0.6859035917034979,0.741318586043878,0.8789447313610868,0.4481266178463103,0.3947084680057509,0.8730766080962072,0.877449253890431,0.8945482853338161,0.898762816176536,0.8880556756302117,0.8900152709333228,0.8798592539568212,0.5906334564855764,0.828530813716669,0.6853932874464495,-0.0717611238170102,0.4127870169037541,0.7167483544186666,0.7135677812123324,0.884956339741755,0.7009393792403715
5231,0.35084752360143323,-0.10125193269502104,0.28578747567353646,0.4450491293717485,0.5250198949501618,0.4716243259409975,0.606091172707126,0.5588479290690092,0.5993406437725617,0.6703056955390367,0.6326219328276212,0.5895633353842752,0.1810008851849848,0.5429774717933618,0.2964377142748068,0.523291011838237,0.5971600905103904,0.5353841932049874,0.5375840039469064,0.4611387570416392,0.3382441710680978,0.13511026066991227,,-0.09635456513295389,0.26354605204466885,0.0368943967569181,-0.010744013191851096,0.3333559661354726,0.44342550110420875,0.4612131545499824,0.5157421547284626,0.5586454154346624,-0.020030494012830646,0.6262521777176651,0.1275714982573821,,0.36195473311604,0.5897497669537497,0.27904115246535055,0.5444909535629431,,0.3210975158451756,0.2152614517725436,-0.07903050585936958,0.015022090186363177,0.0019318913192439679,0.07530291090283561,0.2631061668411203,0.058439779395366376,,-0.031207995105446373,,0.5174614054381049,0.3895468945425374,0.27480861266559825,,0.3880955223068034,0.04000349612340009,0.2781844684032325,0.05689005863719835,,0.21001244668478322,0.28616235912547444,0.005703152694466078,0.08938256000367428,0.36733681412712493,0.5356015483539308,0.42196652572702376,0.09827298725376134,,0.19904763187236707,-0.07830185680436953,0.0671783423224444,0.5821582903142694,0.32624777813330585,0.6072871316342827,0.5794168254255445,0.5918724432108232,0.3698477737981461,0.49522352014571974,0.6120688399016868,0.5389236981406995,0.5282527157212926,0.6149212373744751,0.6328415760546946,0.6159520724759824,0.6083651390100333,0.5571928744950772,0.501404751720535,0.6433083207241737,0.5819931690261235,0.2546541255338338,0.4429771452891729,0.5151927450277489,0.09668900792303085,0.18086578249210838,0.015907558800388074,0.2335362958441049,0.5496020524402135,0.22316454443614453,0.3366268388501297,-0.04203111771562196,0.6083308641304754,0.21772854748879839,0.5481796822830247,0.03125456081200915,0.3284713613038247,0.4669347844513746,0.4726814192764883,0.014250639665300723,0.2347212980116989,0.6133694063033481,0.5638719519044693,0.6676160133406279,0.29392328025908254,-0.04247270363412915,0.29857130014247596,0.470150735461221,0.6570286406480321,0.46197109569293354,0.618607868343248,1.0,0.14561511261862461,0.49751956240765044,0.009944368486449768,0.5707498471839355,0.6228192529919834,0.5695762778983362,0.5742304516140815,0.46524674562540874,0.31300159211372364,0.3355419511090674,0.5572312999031017,0.09921743573593042,0.7176329856907305,0.15747297886044287,0.6869931397463865,0.1810008851849847,0.33448569609583434,0.04558952610196376,0.5319830502467237,0.3882303810008017,0.1499771398728756,0.145381637474906,0.23874723089975655,0.10529328242632024,0.027565798307940703,0.23310328035854208,0.4263004270295387,0.482497377383916,0.5486089932423127,0.22149004067439992,0.5390130870060519,0.5186414401684636,0.48217986562176796,0.6027892548652419,0.49146944757976,0.4439819587262527,0.49069597849022234,0.30927853230827124,0.5329665497394568,0.28684556594058297,0.2902216552303626,0.4526122656108367,0.2965185046804588,0.28415451771911865,0.585447693334939,0.15633169347342296,0.5363499963875598,0.5626959222090474,0.5248486877728679,0.5954770029321174,0.13202005653702095,0.12485626550555093,0.48055822565509715,0.5323911177722732,0.5390765333841647,0.5313736765928586,0.5376362818277901,0.5132843939328101,0.4973206142355664,0.40031204313480656,0.4983035761705906,0.38497451769218144,-0.10042765082871244,0.23955594928973806,0.4159518468883429,0.4990102470439672,0.5353933064244076,0.6255406188324821
5241,-0.3142636543246676,0.35721258162345104,0.2005702922616283,0.058836850495776034,0.10704530299223738,0.20060609954057954,-0.025031506420104165,-0.00031187574795163404,-0.11237333656924522,0.27522705435937095,-0.002457482104624027,-0.011265015342452117,0.7353848379900133,-0.05336152950781518,0.2007348994543124,-0.10948280954488601,-0.1605612174469667,-0.15919648515103813,-0.11679504153361889,-0.10305089445202725,-0.36023664492328006,0.15264116730021784,,0.34645160250416285,0.19451816143379352,0.06063756003790433,0.26667442956021603,0.2361035393447703,-0.07334419728976518,0.02673515902225218,0.06630538374040944,-0.09384382437787483,-0.0889967159484001,-0.08514018401875034,0.35120116447984023,,0.083301429634637,-0.03713462514098531,-0.14614010460260882,-0.01767975095539643,,0.21401649523606134,0.06599434123429812,0.20252782489889465,0.45097809923113436,0.16365461065413747,-0.07912283974277536,0.016876336951815552,-0.11724094564561378,,-0.07583837096549305,,-0.011442972785605738,0.2500304178393988,-0.009551893265268828,,0.22697236893488498,0.409031250501976,0.27236439215335023,0.11138405182399816,,-0.09655767440402882,-0.24554418605798725,0.1528595619154351,0.442569280994392,0.1901805799262377,0.23335009251714428,-0.026156374291325037,0.17119375392423844,,0.2050140799468234,0.12279275078404069,0.016375633626185247,-1.4281234485623177e-06,0.2536021821983155,0.0906955922703255,0.04571638809084593,0.09459886844019115,0.4103373686580607,-0.047179478135506846,-0.08354012259259669,-0.08228816217408133,-0.12586760789016588,-0.04432115324228989,-0.10920859216756434,0.008693554121825856,-0.009105872933967099,-0.06322923975834877,-0.09144001682861164,0.021960536845453356,0.03344738180491628,0.19889203993013144,-0.11087221466529798,-0.13692380471399324,-0.2188623118619651,-0.09506166481744423,0.08374688648822387,-0.08349855703797433,-0.07577366595926983,0.04200059091135021,0.0941223410941921,0.009405118215230516,0.17087995350700136,0.06278856752783227,-0.1372548821073954,0.332734827650534,-0.07089801758842292,0.07025251593013221,0.15295083439392795,0.31453660182765847,0.11328259544157732,-0.006096404082120409,-0.09867552790803817,0.14281158903132546,0.3683049389034841,0.34276989366505395,0.3890426155309071,-0.41348619861831465,0.006144588251642636,-0.1967734878933294,0.16884657887453755,0.14561511261862461,1.0,0.2504242027320041,0.0779365234293093,-0.016931889779219177,-0.02368724088755048,-0.1298712478290653,-0.04597982335410304,0.1213146592050564,0.4261658092928478,0.11942955750103007,0.0928796259363697,-0.03955960330883302,0.2010455112318495,0.09408831030834917,0.13742815386084076,0.7353848379900134,0.23688505731943688,0.355064925795457,-0.14656701035678657,0.045752443476437143,0.006763935185182957,0.17732800436493074,0.014889535986662298,0.23322047913702723,0.597986937049181,0.38081117818264765,-0.0591959674220546,0.20715372503171298,-0.13174288458753133,0.1853003828782519,-0.1228279564128258,-0.07915282828752841,-0.1466028866425956,-0.035828020571701986,0.11893322372052528,-0.055326446989971925,-0.19035346091589783,-0.044841721256482815,-0.09461498851773174,-0.28187192328167016,-0.14410758000871615,-0.16336219474609673,0.009770462422126152,-0.02906161982711357,-0.1253928742626317,0.37230511693756635,-0.15495653818759594,-0.15463080129644904,0.1312490934072067,-0.10447499253851054,0.0651459571504618,-0.19846423193509885,-0.04489265944215758,-0.1929675502662724,-0.05607938850528918,-0.08337636760376486,-0.04142135936604055,-0.18477926307191644,-0.167898730263596,0.12093640282609375,-0.19816412113856022,-0.06371608767151905,0.15777902738450073,0.057726401496036445,-0.10433075555028827,-0.14526804323796982,-0.07773370852922733,-0.15266691864360032
5242,-0.02165574086868189,-0.045647600867519476,0.5367373973760852,0.9527767937764734,0.9357851029705034,0.9650916454233551,0.8598585235516831,0.9333556141785619,0.8413436597750041,0.8890366191201542,0.897342803043402,0.9157910248315989,0.2569241929995614,0.9173956114608863,0.4417987694275328,0.8745943024977868,0.7655342717946129,0.8359669881877383,0.8649060995088557,0.8775181101924012,0.007384454670370084,-0.13636145128698227,,-0.05697373583960595,0.5890925012926086,-0.09109015372228187,0.5749247947617009,0.6284104618205533,0.8607954121637402,0.9469095560618712,0.9458589897307805,0.84028137594395,0.08675972201489265,0.7511986511510756,0.5434928412209926,,0.38187135718179543,0.6037222656685542,0.3890117284809267,0.9235521970851291,,0.6138919939249069,0.7540709309959336,0.20198213166219428,-0.05187547528849844,0.22557063333477972,0.11573229121909927,0.6420380227727855,0.03929310228831031,,-0.22460355232788942,,0.38958636086102916,0.620473188023415,0.4775401741682984,,0.34332532950923433,0.04706610430040583,0.7333649024122949,0.5213610727960354,,0.23376240380877789,0.2660458816725801,0.13033520384682803,0.2391555971978871,0.9285297208838746,0.9098945611293029,0.7866550042615483,0.42466232799407644,,0.2796497493676206,0.030697463542288153,0.13851224737582551,0.8271663224827843,0.8131055278919403,0.8913540634786314,0.9236319749100079,0.8141914238790746,0.5462234426913798,0.8783988037004297,0.7739696847226114,0.8724356065794723,0.38278750627758645,0.7852440682225933,0.7710355648677073,0.8285237485528403,0.7274588565680721,0.5023971404279098,0.8502851794964025,0.8150822026286474,0.8153971142308657,0.6091620439543557,0.235382701594739,0.8279033015847821,0.038068615708275744,0.43878471453027484,0.23770674401166458,0.4568501432860221,0.8506773411200746,-0.030201900067255365,0.7813558502547999,-0.12388452102318018,0.7622415541449155,0.15288279417612097,0.8624946084324635,0.3568651345585106,0.14559642465002925,0.6550697456644852,0.9222773396015523,0.47191597687989445,0.15874825096817233,0.78944397056976,0.8570238614887423,0.7684802410097255,0.7053234352319179,-0.1041196064063529,0.16203093591372644,0.6500049425395628,0.6247628357223513,0.7748113473071381,0.8932994150573415,0.49751956240765044,0.2504242027320041,1.0,-0.2886655833407888,0.3445406507716515,0.885850265221559,0.8059991282630082,0.8623439493277455,0.5731972107138431,0.4910741374079114,0.8842900931695942,0.9429966354209238,0.11817942866007833,0.8001214749207184,0.07750102919913748,0.8548988117242552,0.25692419299956143,0.7577689875368456,0.375838069002272,0.8679919362542189,0.2893760682111115,0.3355939719469044,0.5740171908680133,0.4847930134521367,0.13731153563545065,-0.016464271951869894,0.36608680789013115,0.4452666800950345,0.8582337741933238,0.8477247888937278,0.45043075056241066,0.8468014464140714,0.8835470921393156,0.8566302746300501,0.8198666015273198,0.9195971662120795,0.8454453327155169,0.8326486647809832,0.7100259882379844,0.8654348767286607,0.6935582924939379,0.7971129179776008,0.8041688400588682,0.8033516938019488,0.8114379933798926,0.7869643952482286,0.45750715947878756,0.8385193300306694,0.5273560435766342,0.7148449976745525,0.7753706783526428,0.708255559588875,0.4887142610789296,0.9030128904570913,0.8204779304198636,0.8761753173908234,0.8878220767656537,0.825695893514583,0.8289266232749107,0.8503111634585135,0.5098640652702999,0.7785862458981122,0.7779178135748488,0.0260592900408874,0.46483872854694813,0.8514852967208576,0.7458209244219286,0.8342846308074338,0.5225074328168101
5259,0.14300194004711866,0.11938610368476553,-0.26983254204263385,-0.3699401376091298,-0.31692857577817457,-0.2924261198877863,-0.1944988177095395,-0.314817618985923,-0.2512728954987297,-0.07151366885667759,-0.22117499532664484,-0.28461565730855337,0.03634162432626379,-0.31408649501806984,-0.17997415630531877,-0.3392118785363891,-0.1545764076346555,-0.25330236491469044,-0.26443314975835885,-0.3896239789528743,0.10400728208265389,0.2374597099487565,,0.10937287650998885,-0.2752410239444986,-0.037008917135510674,-0.39109074646323744,-0.21754794519530976,-0.3009618365449153,-0.3644022036467534,-0.30793445342412284,-0.19973330573180753,-0.08722362251847489,-0.1275564494200034,-0.23659920010353688,,-0.08126238843392695,-0.04585006816580013,-0.07033859158774876,-0.30652920424141794,,-0.15841107934951082,-0.3347760795398797,-0.20698885108500448,0.10652270686193269,-0.1883661982334118,0.019648315563394508,-0.26370006292836556,-0.036411588095617536,,0.16716759116170601,,0.0499825665064781,-0.3237299496417443,-0.1314888900524997,,0.12205144088502218,-0.022447672088756834,-0.3399419924813004,-0.2970522917268904,,0.026319114887689652,-0.015248513743845385,-0.13755206162936673,0.07037355755456656,-0.36915061991951587,-0.1860758611412347,-0.2898361755616452,-0.273791475701035,,-0.08095795332626306,-0.1658004766076321,-0.09026499627591915,-0.1259903076868955,-0.36041212744096596,-0.21073460334997843,-0.28153703528804885,-0.1084388127972858,-0.014531956391002188,-0.24151935537802707,-0.14705426900788804,-0.2660282067871111,0.1332656916070403,-0.18697939863179866,-0.16742385398213272,-0.18409791446622809,-0.15440468625695675,0.011977094425876895,-0.25564504233587715,-0.1966775986902954,-0.18402583535081526,-0.09638341793192555,0.04179984568794223,-0.33954910554137097,-0.06980876877779783,-0.27665285293445424,-0.2748731748879409,-0.10046306002247905,-0.2783026043435715,0.06799601804871395,-0.37163624174383414,0.026604290334221663,-0.04587370655569039,0.03954301934613009,-0.3184597272566968,-0.20949141675197408,-0.042903922253547166,-0.11161070982143938,-0.35295467446255585,-0.38621846001834514,-0.056167179589688594,-0.21352232501284354,-0.2757328209179816,-0.12795632645853,-0.3992145901730469,0.08429893380117036,0.06708011254640327,-0.2472876743305491,0.05234095759332218,-0.22534797262543743,-0.12783907987887616,0.009944368486449768,0.0779365234293093,-0.2886655833407888,1.0,0.18465564085207456,-0.22887771158631676,-0.2064120493140472,-0.2277674392647627,-0.14112501009707068,-0.06356934605582648,-0.3883986923993542,-0.3008672713485966,-0.02779767287490474,-0.05616532106334461,0.05941980260215501,-0.1604636163066872,0.03634162432626364,-0.405290010969625,-0.29082023470428153,-0.28933907544490656,0.1105881271547206,-0.3252725446368341,-0.2934112844244743,-0.2261021742450786,-0.08945570321277335,0.15338275332728468,-0.10853721851072827,-0.07660269827898689,-0.31629707510113414,-0.25441934023042634,-0.19048326729999684,-0.323106443528304,-0.30740373220892636,-0.3739338578641557,-0.23001738750173387,-0.3583869947631965,-0.3082045331357523,-0.34790162360900134,-0.35648202483852887,-0.3111047121583575,-0.4120007679407343,-0.4500981965789462,-0.2711256133306142,-0.39993703087619925,-0.46906653738387627,-0.2376198427923729,-0.136576756038188,-0.2699161885961393,0.03628187280657882,-0.07777257088313123,-0.17304692296706103,-0.4651166532716943,-0.2322155254272076,-0.30121075240654616,-0.2770087941713133,-0.22300310000641785,-0.29028095853981833,-0.18510002825368888,-0.25649541754073535,-0.30974852959255705,-0.12222716683631854,-0.27236847315485396,-0.3552543392755765,-0.0708475527376255,-0.1158659370431703,-0.4121634678529687,-0.3597503789746667,-0.26406511273593936,0.004885610264957341
5311,0.6147760468947747,-0.40353222827038693,-0.02232875810005106,0.2647780899073738,0.2939137714145918,0.3216000302932861,0.6385581638864092,0.46034259179763526,0.5784583799876624,0.6870842891048459,0.6121632766522784,0.5095887927998543,-0.18234406006040985,0.468204915580105,0.10022466336505195,0.47617199311896913,0.7086836390454853,0.5551622316320995,0.5523682966473191,0.3033979613864272,0.5824877042811236,0.2870935820273852,,-0.39587916074180746,-0.09914215950738925,0.19217506739543144,-0.33989618592837234,-0.07586541129498804,0.3299221408592884,0.3079911711359903,0.4095212565908019,0.6065520422689067,-0.07237980896325041,0.6885593191139816,0.09857468585604046,,0.4575888581564603,0.7576820080570078,0.36957542815320055,0.4428305943974369,,0.1141094670901432,0.06110363377941999,-0.2955325035232256,-0.18041155559478037,-0.3663742719675794,0.08769274498546509,0.032204952624541906,0.14788908810862417,,0.20593843652877444,,0.6631294419484414,0.2201679339623481,0.08339127995095037,,0.5565578705714583,-0.19100991069599907,-0.1667623291964682,-0.16310083746343815,,0.5175186958187423,0.28260737266273345,-0.1642679545700025,-0.1427921394724093,0.1653642461268426,0.45385190096743533,0.42759412959380244,-0.3087339772525595,,-0.02604675709781885,-0.1598194558462367,-0.08647321590493519,0.6295424412111142,0.17329270690125442,0.6039326417076194,0.5084433809629063,0.6589537567693426,0.48540730896839784,0.4381656593143657,0.6899536630356543,0.5015521530434652,0.9006357960478824,0.646397015383958,0.645731189425587,0.6616392288808453,0.6491525599316981,0.8010820256048105,0.5631882587033009,0.6434781843485201,0.6384517942467057,0.10334778430847585,0.5466635012387717,0.47288796141023653,0.27138664070083185,-0.0821856876589143,-0.4525819734563049,0.24448640478592684,0.5288628822912966,-0.007828702276678652,0.10326747170748302,0.1074003663538416,0.6810744037267843,0.3009181871599141,0.4989190672413939,-0.3506464696470798,0.23657023039014685,0.49387884364341217,0.22852861291951299,-0.4975507400287397,0.12536019317702646,0.6240084907898651,0.4627378988521107,0.6216058622413211,-0.07894166142679257,-0.27100986465187804,0.26799702162370675,0.4826555269452037,0.8885186563611579,0.44756810882732617,0.6082517650245273,0.5707498471839355,-0.016931889779219177,0.3445406507716515,0.18465564085207456,1.0,0.5695838420982948,0.6331025341448515,0.5724529786599191,0.46183727527101454,0.163848528569903,0.16789416680494965,0.4059186204662409,0.26065524903525106,0.7002745290965987,0.0018784583956936469,0.6787331952240807,-0.18234406006041015,-0.0009971497136304441,-0.4092968761339136,0.512195926025697,0.586786459568029,-0.04307139725846295,-0.15524447934485594,0.03045464450664631,-0.09666402768429198,-0.10741293002971378,0.010049929523845029,0.42784960709021086,0.2550548717915966,0.5801482960057047,0.18297977486850772,0.5167596019490197,0.4955065628185843,0.41108880397113645,0.6376664445863436,0.3426562257675454,0.3422560884740744,0.45039225998609084,0.15148532384126276,0.5201232549193734,0.08950229881988749,0.05578074556627914,0.46157369490591127,0.043340873499296474,0.001303686127207881,0.5680457630171744,-0.03721248739832012,0.5566376890065989,0.7652089293924773,0.5904367212739855,0.6341009858282795,-0.24511655847147085,-0.013074520005175352,0.4226887429297668,0.5410890480073448,0.5798839724800463,0.48723224970733486,0.6409137867763278,0.5248676217743414,0.4732937514567436,0.44236397846960646,0.498152295941012,0.18059823380099022,-0.23744593425070895,0.21908643160438643,0.22401991205897612,0.38259217239858057,0.5499168938547137,0.7364400204495631
5312,0.27444908308770244,-0.22582289974424177,0.4344610597612516,0.887199611556442,0.8834064410135489,0.8768493259430147,0.951011367175305,0.9552240674643063,0.9522092550466905,0.8975202501970717,0.9912325201220877,0.9602530868928654,-0.0045930023948301275,0.9553943770377443,0.36126905260817455,0.9430874732710992,0.9261956209294094,0.9418995698574214,0.9496812694277023,0.8967120635995792,0.30624825206117684,-0.0804868056180138,,-0.2314717571460574,0.47997271828570937,-0.0989226595466327,0.31686147420697736,0.5074089251328824,0.8788363281345601,0.900736093978776,0.9273761433923268,0.9369959152473618,0.12255426815859793,0.8930884131967669,0.35072255840322575,,0.43466360060967707,0.7599762467937075,0.4948765763073474,0.9484854342986117,,0.5675301319966679,0.6414199301124122,0.027653378626986056,-0.23508918548312907,0.07614202368742393,0.1349516770785388,0.5807316405014213,0.11677005925143001,,-0.0897419281093936,,0.531785917047321,0.5756253318027668,0.4338761886305743,,0.3981303024022992,-0.10994024522158735,0.530562213281195,0.37159465451578905,,0.3556261433413611,0.39065027340716707,0.03775365447413222,0.04851552368406456,0.7996584165764521,0.8490784346218176,0.8147078984792465,0.24265722564016887,,0.2245148264358384,-0.034006679382437684,0.1545851520919888,0.8963091873275792,0.662007490183108,0.9287520658596273,0.9502170886713542,0.8838026781613909,0.47388908670454916,0.9165289091207939,0.9175927713065832,0.9414712119191806,0.6184583870482002,0.9050345781406703,0.9241816569123921,0.9226809101350191,0.8512326432374577,0.7028347974892352,0.9213314426178003,0.9161947842343161,0.8978261520286791,0.48297948822701464,0.4377692087869379,0.9078559429884007,0.15717854378637244,0.4025763713132502,0.07172920845967194,0.4449852707673248,0.9206289711283446,0.041771942575617775,0.6733205575467126,-0.10538102161905158,0.803732283430458,0.15993241784491463,0.9450819352211939,0.14197569182278366,0.26133787003424847,0.709008191517688,0.8513854286887573,0.20202351446018507,0.1320317926327505,0.8866700314826128,0.9196492993328205,0.8294911554523923,0.5060474125954912,-0.26360858207225113,0.14220492657163897,0.8424188787241833,0.801035847853881,0.8772702358494797,0.9180944563249414,0.6228192529919834,-0.02368724088755048,0.885850265221559,-0.22887771158631676,0.5695838420982948,1.0,0.92182011592106,0.9418199385781328,0.5986548917443566,0.3473093653352391,0.7771727847493427,0.9244570445158747,0.1766717271421312,0.8649542259167119,0.06670644820544568,0.9101404889936675,-0.0045930023948302515,0.6154508586981445,0.1372598038933833,0.950718752326117,0.44097141812943985,0.2781702426946855,0.4085975663345544,0.42749630290629503,0.028422267528970067,-0.22898318594140926,0.22011054122837567,0.5469864964204433,0.7795196275570425,0.9470101966739815,0.3452081063758298,0.9379706412171964,0.9455882836307904,0.9206608376400088,0.9234698371746966,0.8869966510454845,0.8560162198414727,0.918145351666444,0.7098319485594893,0.939903429210508,0.7207390385329514,0.7537998124279436,0.8750757530081823,0.7314762712143661,0.7223580818058789,0.9084273353099712,0.2748377797442199,0.940511892825372,0.739496542716837,0.7540569826077865,0.9058912047439125,0.5435501462184005,0.4644712926009837,0.9195884584405789,0.9349978945783982,0.9363462934306528,0.9450813422365517,0.9162257314432365,0.9368280994421433,0.9328756408220981,0.5561878585049389,0.8844995804121464,0.7669336771531824,-0.07423933917900971,0.41499041680456317,0.8518113218752058,0.8195710804853681,0.9148998638062408,0.7402686773962374
5321,0.34543724863304126,-0.3485786377001498,0.3415530892783074,0.8372960474614336,0.8177335144552075,0.8260587852043149,0.9551031485202995,0.9246525606012391,0.9482278724256548,0.8473090386712935,0.946601873436242,0.9300698062416117,-0.17265645924240045,0.9299551645421965,0.3406772554713073,0.9349221250724261,0.9440203101696215,0.9518701395080644,0.956958793951354,0.8486224480550032,0.3678029957430766,-0.009411764160279069,,-0.35411301185979205,0.3699771409245707,-0.044667817954752144,0.2294248554277388,0.38172448288159117,0.8561336719290451,0.8584954599717375,0.8775750752845426,0.9466910260793575,0.07967138074754974,0.9247447585716776,0.26583755208155596,,0.4773212903348956,0.8069072292336255,0.4886570399080166,0.916023382465239,,0.501180703024801,0.5916719470283404,-0.02494642114612036,-0.27966890722904647,0.030213543243180627,0.1787922276498439,0.49828877490157086,0.14877366632566225,,-0.07221138991569359,,0.5790255262050321,0.5265726746510072,0.40430012001235704,,0.39856402054826434,-0.19735293136619986,0.40547809482212455,0.3287869293808149,,0.4517703799494384,0.4181060357180915,-0.03257044459953305,-0.07620787682427582,0.7289710803960721,0.8235337238860728,0.824182758386861,0.15092722562537997,,0.0852638087249072,-0.06641999598515687,0.08067648564766741,0.9141757823792247,0.646734088762289,0.9149903985421459,0.9221875604493767,0.8962430245802381,0.4791697437765463,0.9127056576154213,0.9320421845315833,0.9333758625508373,0.7126813930551786,0.9045112933112975,0.9058970310961447,0.9304474244178992,0.8412267622957014,0.7547294134016594,0.9402177411174735,0.9084586757851226,0.8970445125892247,0.4118978476785813,0.4711184597057284,0.9070033750295144,0.1856930250642603,0.2789885019301789,-0.03400503401480998,0.5322249661311232,0.9111649607246675,-0.01910712368388716,0.6034047824010889,-0.06747810452071641,0.7914138163951209,0.18716618490659595,0.9385141157156272,-0.023884743913128944,0.22237380278626795,0.6827464930074505,0.7659609320700708,0.06175253705027906,0.164798173820121,0.9014491014495338,0.8791786627247973,0.789755687976503,0.4045748762095233,-0.30002726728584683,0.1157607425322294,0.8796972621507287,0.8383167799009091,0.8688207960180317,0.882492850219673,0.5695762778983362,-0.1298712478290653,0.8059991282630082,-0.2064120493140472,0.6331025341448515,0.92182011592106,1.0,0.9440415515130068,0.5673879975277442,0.3264911635993983,0.7261172217574035,0.8625844769491674,0.20841549681682575,0.8112440785716064,-0.006526891264667751,0.8730538688150081,-0.17265645924240067,0.5267758162769763,-0.003111174709083068,0.9433521552243513,0.419080613614137,0.25739423775953946,0.2900358882360736,0.39063202927617513,0.012908066200161704,-0.283194491122372,0.1465784755069539,0.5498909228207038,0.6868520802546608,0.9561752800398294,0.3392875782367211,0.9356901518004623,0.9395028720775489,0.9059015415851644,0.9370101987698797,0.8249816115562367,0.8190154345000701,0.9155710217838212,0.6059692296718943,0.9367912904427858,0.6922412757105171,0.7071536529016008,0.8779948325677867,0.6535550028693528,0.6681636701182042,0.9028704768562648,0.15097951500166715,0.9354853769730581,0.7766454465459897,0.715500894267648,0.9125011057865259,0.4141030875702793,0.3781853998936398,0.9015448725841014,0.9497057430957117,0.9504296657784035,0.9293243561792708,0.9278620720412112,0.9460729334936263,0.929868431187523,0.5089423393419011,0.8874724875891852,0.7266138793085765,-0.16119450449793984,0.43462501776521767,0.7930635177557268,0.7892489665734466,0.920976280868093,0.7595781625234113
5322,0.3144544317478116,-0.2785955334890105,0.3609332972843516,0.8833147184603692,0.8618967676267477,0.8825756235633018,0.9760539605247183,0.9533955160614228,0.966162390362496,0.882525452823626,0.9599945568344651,0.9561809033540573,-0.08032248856247001,0.9579242224202154,0.31153367077284794,0.9627049991673439,0.9256797596476226,0.9684742675895273,0.9756268618663981,0.8654645648226511,0.32967624743830487,0.0035143502177772254,,-0.28839052819223443,0.39409288661816144,-0.07304669778020363,0.34553669041069907,0.44773779389345414,0.885423306246361,0.8973073687688142,0.910943540239136,0.9664640474917248,0.059920917904362374,0.9087880548138799,0.3344285118809392,,0.4679436296022807,0.8026350639727516,0.48035000414194967,0.947621499278783,,0.503830322343497,0.6498443977190991,-0.018819687683917306,-0.3156833054052156,0.07887272418686618,0.14802863317709278,0.5361953362323324,0.1361360152492029,,-0.12375747781087294,,0.5949280694416856,0.5755375410274541,0.42469693427613847,,0.42141884577432936,-0.13571862586152497,0.47096208527248457,0.373345857576816,,0.4142703212801594,0.445039825520883,-0.028116102327673198,-0.010247489400795314,0.795257443232393,0.8493170985170118,0.8780769197283255,0.20117353730713905,,0.12381001057496907,-0.08516483042114613,0.12709034724492185,0.8751786812137744,0.6529910101123707,0.9451381635522341,0.9613781274735036,0.9000115743760564,0.4340072728106047,0.9496319455820718,0.9336525452533646,0.9735309276521651,0.6600779726698175,0.9345423105553052,0.9288890317256269,0.9508535635469147,0.8712778870483976,0.7468802104400594,0.9509575442151065,0.9322461407590598,0.9335917769436309,0.4519950374329461,0.43945945069648135,0.9306541896281765,0.14650013716701463,0.30858074216034753,0.009550330677856069,0.5163547916462097,0.9250462511075691,-0.06703725397389569,0.6358600319590534,-0.10408639347732374,0.8025532707403067,0.09393691517031737,0.950929243466513,0.06953908899871034,0.22798874924453946,0.7054858413270994,0.8413398270672601,0.13328434640241252,0.18324283152111534,0.9241733792791144,0.9067722322374947,0.7928056351252344,0.5070607979727145,-0.29287462736223824,0.11684874213463241,0.8585339251236226,0.8128949208697773,0.8950992706017508,0.9278932159942596,0.5742304516140815,-0.04597982335410304,0.8623439493277455,-0.2277674392647627,0.5724529786599191,0.9418199385781328,0.9440415515130068,1.0,0.5782949860073024,0.33047487974229234,0.7878994085875661,0.904234018084437,0.1890591233112545,0.8321601802320269,0.05077530930017437,0.8960690133069217,-0.0803224885624702,0.5413250810738122,0.11771817349492143,0.9576038042913508,0.387186137141417,0.2669741631889374,0.3561683202237886,0.3874153143596959,-0.029357743681193295,-0.28207492333640993,0.17742114757520666,0.5422325007481047,0.7212917041740361,0.9694906270200216,0.3741707343418668,0.9617466397026436,0.966797385609435,0.9367629685626769,0.9538200925002334,0.884486836530977,0.8453137228734713,0.9357423711640919,0.6683020225733379,0.9655697237955776,0.7158703428614582,0.7503543853554463,0.8998294439053952,0.72444477213587,0.7049294842425662,0.9113510852861683,0.3137642186380785,0.9556516583745154,0.6997496381123387,0.687709331783625,0.9256049131243396,0.5077006337750894,0.4635907107360159,0.9305435239442673,0.9591676287666941,0.9451371044511702,0.9539885841913787,0.9210625470224378,0.958340896440338,0.9554374850947276,0.5459196361764945,0.9066746626411974,0.752999824259912,-0.13729746168940246,0.4049133662620493,0.8085236920549685,0.786503745444783,0.9443562220765628,0.7323501475359694
5323,0.18119921448717868,-0.18118980979455585,0.26497800681437,0.5278498957104577,0.5234656190480097,0.5397404837798802,0.6313214910992059,0.5921333539916163,0.6077560305204159,0.6251921937883448,0.6139462561804551,0.5805027861963543,0.060630164491993516,0.5707172914328142,0.19611828819301613,0.5741938104775038,0.6175519988499201,0.5821970896321268,0.5944113181717839,0.502754704086745,0.17219788286963228,0.07975617866048333,,-0.1810158903905592,0.24552177234496872,0.06183916296554837,0.13519689606869928,0.3182440235070096,0.4459248231764865,0.553680956183872,0.5668491794650868,0.611328299495848,0.07026812134910916,0.638265929846634,0.24011837743543968,,0.3578332556514054,0.5852132867056841,0.28953610100478483,0.5742626817648613,,0.32953811634348174,0.29638783744884784,-0.03966670832712418,-0.042662161862633864,-0.003984719410916212,0.10768912530538664,0.2403378802244361,0.06094205057856625,,-0.17333466223951605,,0.48524923357427596,0.3570110764292383,0.2582412345376893,,0.42481504250786467,0.021934079916872764,0.25170277191336304,0.14447770803356924,,0.2718514540503742,0.1378481405288689,0.015922269690352406,0.0629785889653723,0.4668079957094157,0.5791809380558011,0.5059736131861814,0.09347234243158359,,0.09479195045180575,0.009367356722392818,-0.057802799058124334,0.5859221827352454,0.47990898009797406,0.6478938508318589,0.6065865545712059,0.6392596116797639,0.4665445884652474,0.5618535563697287,0.5902789234501856,0.5815441699315516,0.47472539362134747,0.6367635489478919,0.5576147907423653,0.6555472660282067,0.6406830677728581,0.5716389080808398,0.5875292016148757,0.6314127938856344,0.6458644264735984,0.2665985376395717,0.2591583220419982,0.5387009597107548,0.030296507731406252,0.23912431543120052,0.09899490813778437,0.23902426953049957,0.6126398383639399,-0.0018898256161177772,0.4057453282229342,0.002537297746706632,0.6088573942053697,0.17203110385116463,0.5842781211153885,0.055475504258353514,0.1529135459920605,0.4188409270326639,0.507012665373051,0.0670156046509891,0.15405141147013865,0.6458075616127886,0.5632618254970093,0.5551102008911106,0.4463171526618277,-0.13310200967173816,0.19268887827044143,0.45174636592938294,0.5650133013369746,0.46982350055590894,0.5963660419507089,0.46524674562540874,0.1213146592050564,0.5731972107138431,-0.14112501009707068,0.46183727527101454,0.5986548917443566,0.5673879975277442,0.5782949860073024,1.0,0.27351110358383557,0.47696028591445355,0.5464545568960503,0.06805749248426696,0.5700936696697168,0.16225613240999057,0.6215330946210945,0.06063016449199351,0.3592534220497634,0.036904598453836514,0.5598829779739906,0.40600693853817343,0.04738388248508069,0.20800332404443292,0.2682247117304693,-0.020599859685486655,-0.09011614858498079,0.1667720596375495,0.31574160490702396,0.46178109316163846,0.5993264207806238,0.24200047340584432,0.5836006428917303,0.5897049586469033,0.5340394211137002,0.6340636353820859,0.5110531621268657,0.546372124079397,0.5412029887499432,0.3958600607758359,0.5865982847084871,0.30229468789891784,0.3582729664583535,0.5330210205246051,0.3843472269346482,0.33682572724777093,0.58584353158612,0.17458170534870635,0.5880848700826933,0.5294662896399102,0.48296973847446556,0.5798346598420276,0.23772349260755032,0.1478411381037739,0.5661461611970249,0.580517114635948,0.5792259499458592,0.5893020514847425,0.586208551579824,0.5609368688476548,0.5607226641653811,0.41010086377954036,0.5489215320595014,0.3603967055902173,-0.18410498891711988,0.2669714937003958,0.45487776979632344,0.5195450322343396,0.610602089006501,0.4860682851810463
5324,-0.14842108236296675,0.08910524282456969,0.4060046024671754,0.44004625065082087,0.4758356783269802,0.5098473914752224,0.33058017537254425,0.38912259722763237,0.274756865307922,0.45420834371771623,0.3822083582431528,0.38206566456316876,0.4784008630660851,0.34659775219754274,0.4522954799087743,0.28262531865459634,0.23842422234170169,0.23962036123268912,0.2814497799298188,0.35041037237956424,-0.14797268306549535,0.004613330456461087,,0.09118572273157169,0.4071037217851221,0.09435950303936175,0.29509473118053337,0.4297841215036355,0.354327488077648,0.4214821063993817,0.44416326580937737,0.2922556575712006,-0.024794110970365088,0.30215453639638157,0.34886535163194876,,0.19273128142256535,0.22082720509696135,0.07825828211316094,0.3741831706295308,,0.34562677302222805,0.37357107901401065,0.20987167894531022,0.27974393224024763,0.31570878623217363,0.07081459021231241,0.40147212477629957,0.0166486947482712,,-0.169952394268753,,0.0985630688502754,0.3226033228356036,0.23919018351860202,,0.1898786674737922,0.19883052500920767,0.49474330174891684,0.2331779739866869,,0.051140435678503834,-0.029627923505627762,0.16695140803061279,0.2812117476059526,0.48400601150281036,0.557717060204494,0.263913698776746,0.2699722306547028,,0.2945212643689041,0.08963087336234561,-0.0775304720458681,0.4280933355341604,0.5946308271385267,0.3695705149549028,0.3886007592582864,0.39657997064347145,0.539569331987182,0.3294996179791534,0.27349880619082584,0.28646277004386256,0.11083247009649236,0.25357420990115437,0.24383489096329744,0.3236716278001239,0.24276279441912257,0.10781341635877083,0.3096921186195883,0.3278464475562351,0.2935136061713171,0.3876769896073543,0.14095005533166702,0.27241048851044636,-0.10658327951670091,0.17302059639868256,0.15032039182715967,0.1631999571281848,0.32699212820057205,0.19161569952489163,0.40629764528725426,-0.02030816659875955,0.4411518292581472,0.28133152827040186,0.2944323428348651,0.19923464817715505,0.007468528329955734,0.24088484566525914,0.40797577982418454,0.39711998510775887,0.0960470077819319,0.32084093797416435,0.28623085421046407,0.44404366517555716,0.46541988245236615,0.10555384025688083,0.27156449189693366,0.07080193994930178,0.2582163076125301,0.16556141076695696,0.3851759962577483,0.31300159211372364,0.4261658092928478,0.4910741374079114,-0.06356934605582648,0.163848528569903,0.3473093653352391,0.3264911635993983,0.33047487974229234,0.27351110358383557,1.0,0.40391066999135816,0.4254817963215829,0.06929790170449215,0.4314683799107204,0.011043356493556313,0.433923018827209,0.478400863066085,0.43446611043728584,0.3205099070100279,0.2820299393151172,0.11795396685119092,0.22736727880428734,0.32065252322673893,0.3380960438553955,0.3653026813379149,0.3799535204878785,0.43316092312508037,0.1895611057715215,0.45078135842276773,0.258844757700007,0.2796322707018902,0.25396232609888936,0.2911943567409163,0.2623022154391692,0.29822532826510334,0.39645233506513844,0.32622404050370213,0.24017718070811106,0.24148289603411305,0.2732308233462683,0.1671455863084591,0.27336910799463476,0.1910504608946828,0.34154005577422997,0.3660397547316113,0.27490023954804527,0.19794877018720083,0.24235746033468938,0.23115254544937341,0.4226761763626543,0.25097572925793526,0.28430013687658245,-0.07973712961875588,0.36540583859276693,0.23421826839864068,0.3670540592166312,0.30745026300971995,0.3085010010034369,0.22984331867958013,0.24182181130274386,0.14433991563491586,0.2029887559715633,0.3424059278651403,0.12708970091936486,0.22765321244600548,0.35669878803973076,0.24556043922618234,0.27269090537118834,0.14233173518016815
5411,-0.11906021061185608,-0.06512047288049298,0.47441286619768824,0.9151312646326656,0.8621290043888619,0.8866593899941414,0.7568018011489851,0.8554366988968302,0.7516507167108866,0.7058147684206432,0.7873529910668055,0.8302739869452135,0.1599263055130332,0.8476410472750718,0.3852197575520018,0.8244499581983027,0.6609720430447816,0.7661743195497033,0.7978438668493006,0.8398415023259321,-0.09229538687696573,-0.160574855149789,,-0.06867001992967527,0.5084222753545885,-0.03532786284751559,0.6599123643639101,0.5967396190072839,0.8302159374052405,0.898781118592818,0.8862514404032868,0.7467533468330402,0.0662187976728676,0.6515949280673264,0.4937528083565909,,0.2936559595766777,0.5133408038971298,0.3008506995109213,0.8488536231230749,,0.5276616284573283,0.7112402647716716,0.24802389195001281,-0.11411676678239402,0.3384842167415644,0.07197192794230561,0.6724744751742467,0.07782344426509895,,-0.24343407956097185,,0.24238551853884016,0.5524784538432773,0.4171147761437242,,0.24034725397375936,0.058405779730798385,0.7053297803784322,0.5266189270610133,,0.13140723773265106,0.23137378740770267,0.15163218919322274,0.14636386097543772,0.8875338196440191,0.8042553244167088,0.7583077391416415,0.41919435055032706,,0.18207476959861638,0.009559672524240868,0.11683271083927817,0.7259945113009373,0.7945442547386367,0.788682896703876,0.8270819822131932,0.692080758332172,0.4176333027473164,0.8029782031821355,0.6580001078505453,0.8018310353230376,0.23686589647137515,0.6861624825388614,0.6449402607045072,0.7277343182071905,0.6249442689545232,0.3525774285857819,0.792553368968646,0.6971093874500651,0.7179761004387414,0.5778707251002903,0.15154929671136358,0.7875862355694041,0.028838510977997823,0.4260013142886781,0.29864180667211726,0.43127706503157903,0.7781366443536587,-0.09779108939963264,0.7579894464055529,-0.12814323404498557,0.5979836315572227,0.06343038089969866,0.8081793001181415,0.33733073631316335,0.06195481973505194,0.5412837558666225,0.8487983132832535,0.4934619382583053,0.1320379393555868,0.7109953401553254,0.8001852028311949,0.6028196851660271,0.7197832190916249,-0.1333630072150547,0.05703733715098859,0.6022494171263996,0.4477589999655541,0.6992758215631256,0.7548413619456715,0.3355419511090674,0.11942955750103007,0.8842900931695942,-0.3883986923993542,0.16789416680494965,0.7771727847493427,0.7261172217574035,0.7878994085875661,0.47696028591445355,0.40391066999135816,1.0,0.846721005485617,0.11328552790169745,0.6281413572678106,0.04349045886710853,0.7084157549819153,0.15992630551303333,0.6839500591076009,0.44332705997491184,0.8003131344003604,0.13426501381550734,0.34362570812125803,0.5805223975081473,0.4920253701408177,0.10574548344250083,-0.07660802381029656,0.33252255041577045,0.3412304316446141,0.7787095179315755,0.7707684941057606,0.4296255725283903,0.7954927598726882,0.8254185059290686,0.8169452362550662,0.7509230757777625,0.8513938211026952,0.7723539888704426,0.7906980133446665,0.6933559575154945,0.8149573317333786,0.7023345127702463,0.8128366433351467,0.7414712312950013,0.799949268423172,0.8251033609491994,0.7234818842952848,0.4562983940517435,0.7699471972571952,0.3954966347817166,0.5585768932264507,0.6833358563865528,0.7477784562069799,0.5123014379469392,0.8618966521743884,0.7598323930294247,0.8036789381666973,0.8132444272736097,0.7130026342233613,0.7619180746869371,0.7999083341821873,0.4174072174605205,0.7141639199954162,0.7617734843958495,-0.015408253996490774,0.3651792143033913,0.8267133905799015,0.6563409497531645,0.784987015920294,0.3981657749838723
5412,0.1366133361642101,-0.11625832147505295,0.5722928371452062,0.9451995881734991,0.9621941495572682,0.9232792061402455,0.899707823492525,0.9633862544663164,0.9060690232696766,0.8757127427939312,0.9379020174256815,0.9749522478492398,0.16595976318937164,0.9520101367780156,0.46639601013589344,0.9255193962666586,0.8351570065722799,0.8943623294235031,0.9091468871880853,0.9307053186527017,0.17567946640097204,-0.14428572737485248,,-0.12088151253580993,0.6138596560269984,-0.08903436630178008,0.47073336805630694,0.5974883926704949,0.8941551913753031,0.9440849952454717,0.9534187133223536,0.8816879347167609,0.09814180621272099,0.803363631287225,0.415454528304004,,0.39887183762808626,0.6372662061506862,0.44108249576969993,0.9617751259518454,,0.5873475321962526,0.7230176015858566,0.16494842310793495,-0.14865242954225155,0.19675235344474817,0.10614923578001415,0.6471336243283932,0.12724294521665563,,-0.1893393929681181,,0.4254486775739141,0.6089208577793265,0.49565431679642025,,0.28367481982009757,-0.051832556531742326,0.7264022388823168,0.507764735499161,,0.2449619981306507,0.354196224691541,0.08369555616380146,0.12325646213441316,0.8722132227303676,0.8755113143977239,0.8094193725117228,0.4099309462032114,,0.2291767494205063,-0.0014710774396903398,0.2020452011908204,0.8660814604868003,0.7634075115544162,0.8981975233944137,0.9535865079853428,0.8152005390787344,0.47209965890594224,0.9009508601430578,0.8413967975374813,0.917974268536531,0.43786084262945085,0.830694651190446,0.866649852267899,0.8592529264868352,0.7521586948872904,0.5584755524894915,0.8815340653336253,0.8604464090447514,0.8294733034645828,0.5550015380162286,0.3728592823657035,0.8910277901968637,0.09835167789426034,0.48029022132639565,0.2050587147280569,0.4979019170830928,0.8824365984766184,0.04232822115072711,0.769764461247613,-0.09213652438568232,0.7649676087254701,0.18041209760166027,0.9269791801735181,0.25507175588531544,0.2246985093102795,0.6588150179219366,0.9148263148952096,0.4252958973378601,0.12177393659220352,0.8250007869705352,0.8975435486633285,0.8283505193101868,0.6391025816047888,-0.17819497297863732,0.13110865442280453,0.7759528573170538,0.6861186880335813,0.8649873482611254,0.8967130417057606,0.5572312999031017,0.0928796259363697,0.9429966354209238,-0.3008672713485966,0.4059186204662409,0.9244570445158747,0.8625844769491674,0.904234018084437,0.5464545568960503,0.4254817963215829,0.846721005485617,1.0,0.17763197696729455,0.8418342690880222,0.08127481111060739,0.8839538128519508,0.16595976318937164,0.7608668346551186,0.2959391072349951,0.919679720037038,0.30490317450061666,0.3895459908031591,0.5415754607079253,0.4694997751689436,0.1485664378395856,-0.11005938985462062,0.3377322494651642,0.5100312432574677,0.8756603977803253,0.8982731762692824,0.4277609659698755,0.9028181125521387,0.913256926309551,0.9147573089041067,0.8632822640087146,0.9420771774558034,0.8522355686956008,0.906494104654105,0.7692825296426897,0.9156186174652305,0.7968450302911665,0.8507139126540144,0.8562029797572204,0.8073392415155535,0.8353123471003477,0.8583041451273633,0.3866928852248744,0.8946571837010356,0.6089344625513109,0.7464636847492563,0.8365330604512169,0.6967692640964562,0.5175667911909931,0.9310323430724349,0.8833614512312077,0.9014848211038319,0.933318579108334,0.8624431162379217,0.889972106145632,0.9063795723248952,0.5222560567076264,0.8365127786095119,0.8061175115378669,0.022249658878630812,0.46643933052578473,0.9038240405548666,0.8224662194011967,0.8744222308613855,0.646569345060703
5413,0.0986946016109263,-0.13237989214823986,0.08390404061664976,0.10998145467841114,0.14194348845176263,0.1258223976241634,0.20543178182254018,0.14856071878292013,0.1897855046563801,0.206316716646572,0.19540715020999477,0.19208019768842843,-0.0019044562529432858,0.1517450989508048,0.09530310469701286,0.1465612162837141,0.21281372396129045,0.16324578386892674,0.173032946373096,0.12348066892714077,0.09349003550519185,0.08828395650142123,,-0.13472616401596163,0.05411893776860812,0.13043928308775304,0.009436643359284734,-0.020420330757518874,0.13740986930808957,0.10795987339795933,0.14645263836128888,0.18227854343197317,-0.07428765182018532,0.2214386684920321,-0.13970816335162042,,0.10358338798316265,0.21741377663469708,-0.0013406675433926484,0.1635739617871819,,0.006100808823446641,0.020596798916444007,-0.10685265983084773,0.07371464901232196,0.014414004441539768,-0.0024114195385636296,0.12869441422614014,0.25232747051435556,,0.018876060294567502,,0.06470073060742347,0.11174522466925337,0.10853991551327753,,0.14109478089432323,-0.11225207670932644,0.033595469631155984,-0.018377781129045184,,0.11980575817477315,0.15301438396021413,-0.039777093436380535,-0.013398960975549969,0.06814437735038248,0.16496233861661902,0.1379002846478385,-0.10430653651249144,,0.012374181176725233,-0.06560704817521293,0.09297948705297028,0.2563676481695875,0.16440942332630915,0.16853029360777422,0.18347640665462492,0.22708839171794643,0.14655401277827204,0.18027171713258996,0.21430390524272055,0.17266027979422563,0.2523371982002965,0.19100793795289517,0.19563253466687244,0.1909691087065193,0.19086019077626898,0.2382766940248057,0.1736977987376618,0.193713646844553,0.1827064280276718,0.036330757210442384,0.18709427923211744,0.14542570670338636,0.15091381444464003,-0.004181903615458841,-0.20059846811076115,0.12905304853150384,0.13324658960918417,0.0373277543696578,0.10590831588096432,0.05018316203789978,0.2268215723822641,0.1728902867603426,0.15171354259197223,-0.08085586450024329,0.04502279071994429,0.041451737066924094,0.09375858627683653,-0.04206931258130047,-0.08116856392693256,0.2083311165677486,0.1323650845450488,0.16641537034940898,0.05547608789024349,0.011176724160354876,0.16659959809338,0.16566340296737997,0.2530118733703223,0.1466124340218066,0.20102144891515117,0.09921743573593042,-0.03955960330883302,0.11817942866007833,-0.02779767287490474,0.26065524903525106,0.1766717271421312,0.20841549681682575,0.1890591233112545,0.06805749248426696,0.06929790170449215,0.11328552790169745,0.17763197696729455,1.0,0.23273667797858555,-0.07753716377284628,0.2277456424103524,-0.001904456252943366,0.09201759846910156,-0.07714971665795435,0.1587585393445744,0.09784650063294563,0.0369122429122166,0.05317792730062085,-0.14050992332338316,0.04622172714654908,-0.019182539178488802,-0.035415844418965246,0.1360384249781374,0.141001529762418,0.17317103306807377,0.06422557693568143,0.14647332476852076,0.15967069952714852,0.13410127586218665,0.1897048184065988,0.13342109184780493,0.09703377589114388,0.1431666802347193,0.14957890172186095,0.15047724955696165,0.05484865283657984,0.03249160244761226,0.10391296394628324,0.014686555198449632,0.05875876389919637,0.23693367000457735,-0.17108656083712395,0.16904764708032663,0.25915222206136235,0.23481192254257877,0.1775843447236715,-0.09720959976567235,-0.13480340676428038,0.15229210485113198,0.1595424155393112,0.18699418713984223,0.1729617239422857,0.18794293076099616,0.16969873833439514,0.15332300142931207,0.27305043545312424,0.12320751697416044,0.17908118343532445,0.02453305127647078,0.2246367226116915,0.1027104896471721,0.12675169402059316,0.1795048841239151,0.15970646384943318
5416,0.32762740993803596,-0.1875491400726258,0.4529445864583723,0.7321319416248726,0.7890605466947472,0.7719357001102669,0.8610247901255214,0.831581829056058,0.8289626259716917,0.9361875691110071,0.8917335415196079,0.8685601107819736,0.20946139900867358,0.8161371752735901,0.4202628710191406,0.7867954007942565,0.8415929111870499,0.7877253304355758,0.8028774641674902,0.7268016411381655,0.3360361387497519,0.043256527134567596,,-0.18714664547774904,0.4344159915501804,0.057084514129729584,0.1636478843801661,0.41704952939345585,0.7168253687588951,0.740510767699104,0.8137406053045309,0.8200223393487731,0.016014300394433197,0.8106202536737847,0.33798653944152324,,0.486043910287926,0.742128304885556,0.42662492089271953,0.818269092855144,,0.5119869619840062,0.48559046232470415,-0.006820747336928434,-0.06042392511440112,-0.002925508755632707,0.12489069815731285,0.44817572469864103,0.12589232565215722,,-0.07382489706394048,,0.5832784553344109,0.5453205376120573,0.39515577983147293,,0.4832188025228106,-0.011905910292936205,0.4730543333809509,0.25039816634366246,,0.34588018385161823,0.3290872807348858,0.010396370147737328,0.10242975821024908,0.6672102222906575,0.8106447029935901,0.6704011565823588,0.19454233057142847,,0.23850050839128842,-0.07427958600618012,0.1448852157728448,0.8451804098575105,0.6029238256618733,0.8611359819527677,0.8520538888843243,0.8376358700293256,0.5821108192892434,0.7593778418450716,0.8431560926202394,0.8001322361897335,0.6615149926356367,0.8188131632723327,0.8532438109426155,0.852704273742563,0.7753030918271061,0.7141341992505719,0.7878517752556852,0.852338652320874,0.81536918418464,0.4631773739877756,0.49000560859721537,0.7518470867815223,0.15906050358965337,0.28579562004498704,-0.06891973864440652,0.3657515989054839,0.792787436817049,0.11772533968238492,0.5735636659912425,-0.035140940673621494,0.8554335127743885,0.25613823664225077,0.8022183560379046,0.09225207972273945,0.2834101321805097,0.6389700075459864,0.7266649013142198,0.11634634890351378,0.13564667477933917,0.8120497804305286,0.7881001414878746,0.8696490007560126,0.43910673121290994,-0.16850344426576147,0.35093378460465297,0.6443556612733646,0.8515529465578769,0.7275211480002284,0.8860655837498257,0.7176329856907305,0.2010455112318495,0.8001214749207184,-0.05616532106334461,0.7002745290965987,0.8649542259167119,0.8112440785716064,0.8321601802320269,0.5700936696697168,0.4314683799107204,0.6281413572678106,0.8418342690880222,0.23273667797858555,1.0,0.09610931624171011,0.9369378092705863,0.20946139900867347,0.5511729600245414,0.10730877325653823,0.7973089572511852,0.46528648049318794,0.25223284078279146,0.31570028182807475,0.3247002584704941,0.13450322405722193,0.03509165328122779,0.3401074033005222,0.49402144189473934,0.7475507616190658,0.8101564734550123,0.37223123093683047,0.7888595060653307,0.7868282405716239,0.7455296940371992,0.8423924870972993,0.7783861804420809,0.7047663344166052,0.7501662749741547,0.5587841073614669,0.8020681938016734,0.5071284364883651,0.5385618357166416,0.7149654422992584,0.5445839525561449,0.5308424737572339,0.806917054325064,0.33101794430003795,0.7958780063595557,0.7547717742968615,0.8012958780853764,0.8120471262893055,0.3469954700843354,0.30401163923355257,0.7698093683626551,0.7753401360872119,0.814934040362178,0.8064943798256312,0.8247482193379002,0.7716028227795348,0.7595460834845673,0.5861374427164844,0.7121671449540116,0.5837782594550958,-0.0026337589383860463,0.42557678190239057,0.6758922908333821,0.6851630558567917,0.7875861104790728,0.7625280289094396
5417,0.016749091369743525,0.06693538362369222,0.03536326541764736,0.07551497318584349,0.08610783632528657,0.03458609501688622,0.04735334965531814,0.06414508639039197,0.05581712946087756,0.0738214021255409,0.06156788392360657,0.06050127099226861,0.14320353899658333,0.06135084086431304,-0.12147545243848872,0.0511500962928469,0.04439682195264151,0.043137629495698826,0.04099976253556815,0.06868402762041055,-0.004130891379140064,0.018313390978168222,,0.07434085836586139,0.028584724540647272,-0.029613472543535392,-0.0024033281629653454,0.170676689281098,0.025379432394734336,0.07782818405628185,0.10280365861748128,0.02899241501412719,0.050807358303080113,0.034964829463652605,0.08624624412285309,,0.03751089618436155,0.03275918126515985,0.1713724904675841,0.06212420189895262,,-0.0271472248738125,0.06703218824334664,0.16215488066075415,0.035233243812552245,-0.01225174695567051,-0.07726036820708192,0.07404468038069732,0.006697439858496754,,-0.09373468330929649,,0.05476450674772204,0.07392133361633933,0.0666056452261685,,-0.00048493377886887635,-0.010514333881225935,0.10552452460717973,0.10595723063159097,,-0.04525167350828351,-0.0061506770378232265,-0.14959762534293003,0.08881054533478507,0.06263801945969161,0.02848394129134257,-0.02461165505730554,0.007929434972923546,,0.00026265906005094837,-0.0443223607109314,0.03502036109512518,-0.02092731621398887,-0.005655932812523109,0.06843453451685416,0.049539080287489046,0.0341970507266088,0.03502066725545045,0.03315471453262518,0.021175166585867506,0.051693072723150636,-0.05447365824508211,0.07216806707429067,0.08444754392547917,0.05049814524225204,0.08299781062252269,0.04116701108074267,0.03019143673621134,0.098933832886515,0.07899187135696784,0.07235990290016511,-0.08506220545239115,0.0499741621595534,-0.21386250886185493,0.0638950215796541,0.09701548952724229,-0.01731824345600306,0.07560727468178459,-0.05317389082583948,0.049153421954425916,-0.14217327363668505,0.07464895834448604,-0.01078208225310165,0.06989693051134792,0.13136128804329059,0.08219124186213397,0.004897114447565538,0.10035046925399846,0.0890511071777095,0.05162821327145837,0.04546635397305659,0.1129480308141574,0.11508158476430329,0.12358334049805395,0.02664311499985644,0.03500882032127956,-0.002210392294111628,0.009107700217314312,0.0530167892316855,0.04222076292051903,0.15747297886044287,0.09408831030834917,0.07750102919913748,0.05941980260215501,0.0018784583956936469,0.06670644820544568,-0.006526891264667751,0.05077530930017437,0.16225613240999057,0.011043356493556313,0.04349045886710853,0.08127481111060739,-0.07753716377284628,0.09610931624171011,1.0,0.0768766761666766,0.14320353899658328,0.12143925110942835,0.09124497902216294,0.05199901206695557,0.0934041665246259,-0.06344586053043749,0.06119223245636466,0.011035573315548993,-0.1490979276507512,-0.02453079289872565,-0.05296491903959293,-0.013177939022544426,0.028247007807879393,0.04381716048920042,0.034427390254205076,0.060486501810412395,0.04107744451232374,0.0521519798783308,0.048777758867851496,0.08369030487869643,0.06194088061645082,0.05155389721527128,0.1312587857116111,0.05624244096081699,0.04885963839401305,0.06743521580720939,0.06502822853119355,0.053801642161089853,-0.006557484713246618,0.03656332184221147,0.19328576726985983,0.0592334204832549,-0.0068639182870137375,0.03606489224587497,0.03364814824743217,0.1557564377690233,0.13709120168466482,0.06835902525962151,0.03674256265563554,0.016452739099111907,0.07214012082171121,0.03730741420054034,0.021291826209414288,0.05627603674959188,0.012598386954658399,0.06022092158693431,-0.002665452178791873,-0.003408905206901894,0.06402344871008951,0.0727715478352017,0.11045279450446256,0.03633816378957486,0.05967363650010292
5418,0.3076084427224553,-0.23914552630020813,0.4368748275535625,0.8190994228903501,0.8542027194142912,0.8399176104053261,0.9215952833883507,0.9024102231081422,0.8973437419261435,0.9484406954651792,0.9378664703154389,0.9274371429192266,0.12144531220260826,0.8918488229274925,0.40075436585887503,0.8711000236079126,0.8780169438770336,0.8660671109915924,0.882763281562707,0.804005445444836,0.3088358097897615,0.04993419720809313,,-0.23666612883011878,0.41439378399888993,0.07422144080891349,0.2376649265836195,0.4473753171777072,0.7907652365282977,0.8341594666099219,0.8817127400280884,0.8976584905578515,0.004780731743081618,0.8773755457372228,0.38645160582712734,,0.5042421463392783,0.7799026460179894,0.47766037444968945,0.8937166925085627,,0.4819051105841276,0.577723053560258,0.022001703786095325,-0.16183446091397444,0.030565253840200354,0.14545727596367125,0.4912958732884514,0.12642643963319403,,-0.13964972892056873,,0.6354109511987843,0.5638981075753682,0.39114370767313034,,0.4812720524698406,-0.03997271429822515,0.5086829980565423,0.27510753504775326,,0.3873024162729431,0.350654863311838,0.03294606380680055,0.061874864195904745,0.7460063425472094,0.8737100513120837,0.7539351584729894,0.18435177542484038,,0.1947930517754349,-0.08149675470909067,0.0573671346621724,0.8653052432808876,0.6507920257999047,0.9156820176138578,0.9154831828977512,0.8738425530213674,0.5658812949448402,0.828983364329373,0.8809914707200168,0.8720334692463111,0.6697550597924945,0.8814412636261126,0.8929291256094394,0.9120029035474088,0.8294427074132298,0.7307285030404473,0.8629350341837092,0.914704945704631,0.879779552331269,0.4682263244952895,0.4281753832239454,0.8433435252260918,0.15626848088836268,0.3294039522946878,-0.006327641464833904,0.4670181921338618,0.874172981650096,0.030180600051479354,0.6185867444262511,-0.03070416983285568,0.8649961719425013,0.25285355947567245,0.8729151414180519,0.09833439329173663,0.24001736238190036,0.6718095268990896,0.7882587487412885,0.13947485541788496,0.2094633368431279,0.8748961850597191,0.8529446999968203,0.8878972506332795,0.5052271986013371,-0.20341418596276026,0.2471519779576257,0.7287988166707466,0.8668716931975885,0.7722884866652657,0.9088222057468832,0.6869931397463865,0.13742815386084076,0.8548988117242552,-0.1604636163066872,0.6787331952240807,0.9101404889936675,0.8730538688150081,0.8960690133069217,0.6215330946210945,0.433923018827209,0.7084157549819153,0.8839538128519508,0.2277456424103524,0.9369378092705863,0.0768766761666766,1.0,0.12144531220260801,0.5703120825431758,0.13916940684738485,0.8738705314600933,0.44604784646191814,0.2503977309970743,0.32858621332470517,0.3327586604022115,0.08727640396217815,-0.055032701652487595,0.29349629482193595,0.5284313981683839,0.7622545728322484,0.8907846873218919,0.42839004264567165,0.8690169584834182,0.870560064313431,0.8418440738809232,0.904391348567928,0.8406513275662436,0.7694150721099757,0.844747910176628,0.6083014797640769,0.8826060287622003,0.6062064031426082,0.6414464505752178,0.8183095072283637,0.6354105050857222,0.6080762742961381,0.8604737703485675,0.3038832302744531,0.8750874164192372,0.7123416694413326,0.7689313224618456,0.8630407035289189,0.41513225490095884,0.3558983167042936,0.8454562655669141,0.8546213180011701,0.8871173285599162,0.8824982105909442,0.8676668470568875,0.8465053592893982,0.8413677298583806,0.5897955536969544,0.8165357437449322,0.6450986496159086,-0.08755306694428759,0.4307825663088124,0.7498380492627519,0.7570614020275945,0.8784594091277185,0.7745169407844136
5511,-0.43138573528925617,0.4675754010442441,0.42134568320003263,0.12854628482608155,0.2191905847621824,0.19435505863539815,-0.08404051728627104,0.028473463708776948,-0.12157038947581722,0.1990407203584028,0.004237315877020198,0.02471279583910442,1.0,-0.027353541609050205,0.35268987341692526,-0.10911343530220713,-0.19164676557155558,-0.1923697255443317,-0.1482039360093391,0.02019732018368097,-0.44401232568993443,-0.03855245105184727,,0.4695998905110287,0.42088119565026927,0.03971430058259217,0.3618434717331797,0.3716665646039922,-0.031366204444212446,0.08104823668989077,0.11578907886945942,-0.15578348816148285,-0.007679224037945916,-0.14137984336441978,0.3125456038689593,,0.020786961649006442,-0.14694049665047948,-0.14173921674398698,0.00676192738338154,,0.24323630805189583,0.12282964818106477,0.3939778593261303,0.5464982879918269,0.3598909238426369,-0.07711947439932677,0.20829704225900295,-0.12879047752295808,,-0.13178108395107438,,-0.1777244259060087,0.2303752327578605,0.14468506615042265,,0.05995661804945889,0.38723639167598956,0.52164767600141,0.19087074348171235,,-0.2791392733422732,-0.28731005740817867,0.1811273615099655,0.5569287414108276,0.22810449877384553,0.20180895315761263,-0.1240317077730839,0.3860389261384517,,0.33222190713614885,0.1425395547586278,0.1582594255023093,0.007143360759176847,0.3095750481723054,0.03859663012458882,0.03833532742006412,-0.01377518799607362,0.25676629467514656,-0.07455799232337992,-0.14751178791700176,-0.10150785305996526,-0.3447275068103826,-0.11049971556163259,-0.1222189379336681,-0.06529249352313775,-0.08466492085848229,-0.24721140000503292,-0.1510673208363467,-0.04036488259978045,-0.0714515288062793,0.2949415678977275,-0.08364430281315925,-0.12911545629625515,-0.21469185039678468,0.12244647608494734,0.31871048365781773,-0.16930952318965373,-0.08007898313304695,0.2207679427322865,0.24663914988125546,-0.07247410980943325,0.1506081694424671,0.16500418877342024,-0.10606196939901721,0.5161428104909394,-0.032726395205793506,-0.05002352776936846,0.22693725557939956,0.5807165614916243,-0.009236887746237776,-0.0774379821022201,-0.048072490601535775,0.15594695138823103,0.48726405198608613,0.4574330954898975,0.3461296276711901,-0.39272838695827006,-0.1257142912462137,-0.1739438218880567,0.09768072064502584,0.1810008851849847,0.7353848379900134,0.25692419299956143,0.03634162432626364,-0.18234406006041015,-0.0045930023948302515,-0.17265645924240067,-0.0803224885624702,0.06063016449199351,0.478400863066085,0.15992630551303333,0.16595976318937164,-0.001904456252943366,0.20946139900867347,0.14320353899658328,0.12144531220260801,1.0,0.4014535749157451,0.5380276189356535,-0.1388309203158789,-0.08998538298152907,0.1518415942347916,0.3696760757123061,0.10607624848115256,0.4005601065368502,0.6423457198349238,0.45869893759349895,-0.12752105735485136,0.33801624508676004,-0.16064243268282502,0.17980388126735783,-0.1425690897942694,-0.10341562267495316,-0.11717460053576056,-0.0840794596360946,0.1516444169918402,-0.029538027514569767,-0.16772968346304196,0.07693933980543194,-0.11125520979926234,-0.13597130986047906,-0.014185349942409763,-0.189192403548714,0.08828188828252058,0.12574555132421245,-0.12805980146260174,0.4044121479156118,-0.168725498322325,-0.1676558631745633,0.21771458084263634,-0.14774867785933365,0.2679854800367837,-0.050307320031106786,-0.014074198507436445,-0.21203892613252348,-0.07900565273817542,-0.07326921326534133,-0.1253237251640809,-0.20072974616574496,-0.16561090312903642,0.11248732418433109,-0.1919202204324931,0.04474758661203416,0.32332373356149907,0.14141072697259494,0.05201344936444381,-0.05237159192138568,-0.10684269442883629,-0.19703508765322686
5613,-0.17419487455554233,0.08243038819306325,0.6444281311181363,0.7509405366929113,0.7944764746841491,0.7240892459686711,0.5327073551921733,0.7004741223705112,0.5772128520458331,0.5576087111133373,0.6185320751368486,0.6853625524318576,0.4014535749157451,0.6686888998891386,0.524959068055893,0.6360926054118657,0.4616004794956796,0.5402677516967709,0.5584208125990181,0.7669565324579013,-0.11977219584442668,-0.276232539434358,,0.08478174054289102,0.7194095476622272,-0.14239401243558836,0.5475008953137199,0.6396324972555885,0.6273627941375466,0.7342887051760696,0.711457828184024,0.5030364710206542,0.14019427157409262,0.43796373245773507,0.41386502908116635,,0.19684544445350544,0.2646854095826974,0.26313317045393125,0.692571377493396,,0.5240076532735564,0.647575807840713,0.35463292625090054,0.11222193223139093,0.3118522678215099,0.10879214564779237,0.6426719230755333,-0.0007065813477982695,,-0.3154854327851279,,0.11959309619174256,0.5689170808719819,0.48601882791902384,,-0.005359866814246472,0.10571251079721869,0.8267252471196351,0.6116596301325173,,-0.04640679107207462,0.08171971864259216,0.18615445536053554,0.23661918732326992,0.7572360077975487,0.6456748532849758,0.49524294520278794,0.554187999103995,,0.3424856299364592,0.21285574032079588,0.2739810626094716,0.5489348029931986,0.7105746097384349,0.5684021521034018,0.6692007152943198,0.46811634456361967,0.3353314045217612,0.579118155788204,0.45744184180450276,0.5800678045453684,-0.018600625478131943,0.4743609405428663,0.5179791887340685,0.500712431270881,0.401648446617401,0.15106317113166942,0.5323761618415546,0.5196680361688509,0.4730986130611836,0.4993759947075076,0.12550330775790444,0.6041166563698026,-0.06076683142178883,0.5048505893251708,0.4402633952182764,0.22947198035568733,0.5930667598840267,0.16911740288975782,0.6766319273929752,-0.12258064898675314,0.48376165586808884,0.17835032887964564,0.6315052158824704,0.4893274537835011,0.1306159805712939,0.3459337142282388,0.7898280667832583,0.7432814969910368,0.010631893963478982,0.4805819556716342,0.6193863977659861,0.6090151745059975,0.7118867942906152,0.023505050064179352,0.16523539049449032,0.4482716916587677,0.28038346663964037,0.5480468015057374,0.5559666307700974,0.33448569609583434,0.23688505731943688,0.7577689875368456,-0.405290010969625,-0.0009971497136304441,0.6154508586981445,0.5267758162769763,0.5413250810738122,0.3592534220497634,0.43446611043728584,0.6839500591076009,0.7608668346551186,0.09201759846910156,0.5511729600245414,0.12143925110942835,0.5703120825431758,0.4014535749157451,1.0,0.4677193250890094,0.5950476245343207,0.08773808833748996,0.44770671363518344,0.6029550384783336,0.40972181096350807,0.33119745097745007,0.09359273142469914,0.3858426989103755,0.28047086803619914,0.7943706761475839,0.5553853667686286,0.35647968730837504,0.5969535421093675,0.6098025842330452,0.6554420650615644,0.5331068382473053,0.7532753456386193,0.641375212912442,0.6282098162977673,0.6650167460628983,0.6036936090331885,0.6594862824384737,0.7383792048055376,0.5405638147585208,0.6765071116451596,0.7794333173058605,0.5389454573619256,0.3157881204662587,0.55132147056623,0.2783342142510116,0.5509417212917773,0.48143388947817034,0.7603486405360163,0.38975534348722507,0.6487399988172254,0.5531959296605302,0.5545253677959929,0.6390299693622563,0.5277551983815807,0.5431029948197166,0.5867104421307427,0.3581608131583047,0.5198056605897167,0.6720861416000811,0.2813218655997284,0.41104286250522565,0.78974472317086,0.6826622620001186,0.5373355467666854,0.29875023930757316
5614,-0.4521246627709858,0.35326952724603794,0.4747661129381858,0.3908904384241196,0.3915035235174646,0.37376235123421947,0.04376914890745547,0.24453157709267834,0.059992042727901304,0.10991856828858591,0.13149047969963606,0.2065890373838247,0.5380276189356535,0.21178321575751463,0.3276386753643545,0.1595510857451917,-0.09260589936732122,0.04645257213895109,0.08272498499879259,0.30060036854487987,-0.4500447198070079,-0.16138949198772654,,0.3592720597553383,0.48363278086756484,0.028814636484264716,0.6167340727669767,0.46943210050827666,0.2790750441498271,0.3500894549408795,0.2968197236224207,0.0382373127401274,0.07816792066647793,-0.0603836665278944,0.3387345103886214,,-0.05817561091567722,-0.15989375808095113,-0.03193969533464339,0.2275175120682012,,0.3365291021902755,0.43208036822434004,0.37679424778045784,0.17125028543492485,0.4937266091237044,0.045596471717238504,0.432755348362339,-0.12052641636334085,,-0.29960297036440636,,-0.23283869577753397,0.3000535572527828,0.17780508042946766,,-0.14321617340047715,0.2614037494981289,0.6433512977273571,0.34372665749183684,,-0.32691242355986594,-0.18209910265532023,0.2857082648641448,0.28497264033093395,0.48445250722753463,0.2734218756123564,0.12075568798679094,0.4971277910551549,,0.26478398939927533,0.01992210618487892,0.17084545288104644,0.03451059198432881,0.4156237738168536,0.13597806611265445,0.19914960499223078,-0.021774473751779617,0.05016262269688612,0.14793306141017865,-0.045056675140095905,0.11857489644908194,-0.46155786314756364,-0.0026938964676689364,-0.008760815113490316,0.023490780956863667,-0.02182909516030662,-0.311763743420857,0.062200586549942274,0.039540562922454614,0.019942886068135247,0.33279317844627787,-0.21955914317958075,0.16243975452858314,-0.13092421913392868,0.37160709036900047,0.5269058724274751,0.055186502043528866,0.15980559787244938,0.08758392332650153,0.4415954921298213,-0.11368186631093559,0.027063882115926988,-0.001580220442569415,0.1461990624847006,0.5338785077367939,-0.100408255806102,0.017154059483874076,0.41205702473991956,0.6995604945471613,0.06506860892147508,0.04033319277964283,0.17230821935131937,0.10993002812147874,0.6013286315097606,0.18489509490148243,0.0635954309921438,-0.07646961777558876,-0.23539881747176025,0.049150995875780965,0.11613977894807948,0.04558952610196376,0.355064925795457,0.375838069002272,-0.29082023470428153,-0.4092968761339136,0.1372598038933833,-0.003111174709083068,0.11771817349492143,0.036904598453836514,0.3205099070100279,0.44332705997491184,0.2959391072349951,-0.07714971665795435,0.10730877325653823,0.09124497902216294,0.13916940684738485,0.5380276189356535,0.4677193250890094,1.0,0.11558352045330694,-0.2628383625449801,0.2671767072995533,0.48554023408292374,0.3263355914390321,0.2960528554746455,0.2834212776919059,0.4135688979855253,-0.07059394347557707,0.41107349878212057,0.05279735124078677,0.2470548264640707,0.11115657663922554,0.14324376913339923,0.18974896189474907,0.045298900627330274,0.32515860181469763,0.24311228179189928,0.12818325234886183,0.31862154905530105,0.13598310824661278,0.2952799292257457,0.39706060972863644,0.09974485902879777,0.4129285609201938,0.49321368823904016,0.06887380128711953,0.44741694114507463,0.06001877474869766,-0.2746882029754005,0.0691037078100287,-0.0102536755238933,0.6166622539294029,0.2620396248489561,0.23324962468115354,0.04299561167837028,0.09553877544789653,0.14831331907577858,0.019217898574600434,0.050989849321919196,0.1123247385440779,-0.02501446344069892,0.05467352922463322,0.3352110371437899,0.1807458249683208,0.1662421688481875,0.3475604345845844,0.1266689751368059,0.10211605140200439,-0.19237763973546657
5616,0.2825229131825395,-0.28047056634173423,0.39720901892153987,0.9159569768697045,0.8909324142951004,0.8782840913562293,0.9571464120964067,0.9701405230497505,0.9684586691359944,0.835621973120109,0.9611194034844636,0.9699112628908889,-0.1388309203158789,0.9885376261776992,0.3186318547610854,0.9776002980645043,0.9316391274148158,0.9801570743498491,0.9842221275691725,0.9243272261589055,0.31730686619178766,-0.09601544030383231,,-0.28588527842802847,0.43842091497951646,-0.09585418396838571,0.3353021398452346,0.4849069501787062,0.9130646551521645,0.9340619534633106,0.934664579928088,0.9604450119664144,0.10177656867660644,0.8817934309604002,0.33499111612531984,,0.4191053644027437,0.7374812520386158,0.5122895852477246,0.9717772130681117,,0.5336525903397823,0.6817903139236647,0.009473034562413335,-0.33067520366228004,0.04773129650455161,0.15999792796898465,0.5741873898590142,0.1568055388329659,,-0.14238700066277277,,0.5295260400364671,0.5407304242454755,0.4304068139191689,,0.3239437789960306,-0.17544415294951016,0.5270259387755528,0.4001144022962861,,0.3704212367491134,0.42928507019768913,0.01657089374413762,-0.0472490383877747,0.814193739224529,0.835678027028301,0.8549390942603342,0.24174121112362723,,0.1282553677000869,-0.03696573028770684,0.1328067959324753,0.8764298872442692,0.6610531723804858,0.9199907433066464,0.9579578275594809,0.8599608637544828,0.419706928166205,0.9490622153692698,0.9154615431383567,0.9720854616113834,0.5957461439922921,0.9022772750485887,0.9231466720105136,0.9173944421767797,0.8277762473909389,0.6836025948899617,0.9612559136139495,0.9058272529040623,0.8853008559248067,0.4584111286762067,0.38889578404097125,0.9504080763459233,0.1632774823663704,0.40239690989295085,0.07871135124770078,0.5334071667587534,0.9401206607058332,-0.04837138524997055,0.689094009014762,-0.11358776532453149,0.7596161751804535,0.13392933312496652,0.9807062084204865,0.0810782117086536,0.21760843282392178,0.6857243342505519,0.8465286833703977,0.19219914019268167,0.1774141593636076,0.8865966511092613,0.9402612283287434,0.7929432387647358,0.48321270695128343,-0.3515690182577653,0.0216903861203911,0.9096870737234309,0.7610658525078285,0.92283229820256,0.8892151325547764,0.5319830502467237,-0.14656701035678657,0.8679919362542189,-0.28933907544490656,0.512195926025697,0.950718752326117,0.9433521552243513,0.9576038042913508,0.5598829779739906,0.2820299393151172,0.8003131344003604,0.919679720037038,0.1587585393445744,0.7973089572511852,0.05199901206695557,0.8738705314600933,-0.1388309203158789,0.5950476245343207,0.11558352045330694,1.0,0.374431520342749,0.2979800044511165,0.3907839941597136,0.4263937273242612,-0.026508644907341995,-0.3291568877585353,0.17041872379177608,0.5412370439943606,0.7513568561649439,0.9794380662409775,0.36532826902206983,0.9698285704292389,0.9715410846985296,0.9647232470493418,0.9261212127058382,0.884698487938607,0.8832517379271517,0.9697098020799325,0.7240667615028854,0.9712972651432444,0.813044300338827,0.8337664239234218,0.9348079570656166,0.7732879629258244,0.7704961629443329,0.9184117209278635,0.26231487559588995,0.9749113421712917,0.6986231981798458,0.6891134286267317,0.9105720615961767,0.5905534055439042,0.5304579020305844,0.9515157148464327,0.9760988159306169,0.9556729796150638,0.9801838605642073,0.9285429131682096,0.9794618237775198,0.9790191599529493,0.5001428020917188,0.9244946384285957,0.7966902957870222,-0.13109300240189015,0.43703310289602987,0.8812022276467796,0.842309296127292,0.935317654692235,0.7285753576953389
5619,0.36456459437780875,-0.22717306865467604,0.016425833053996326,0.22035348820661932,0.23457222305050277,0.27495642254992897,0.4653852992778747,0.34509039169167716,0.43023816524515507,0.4867549365300644,0.4402180158596458,0.34989352681141994,-0.08998538298152907,0.35338604145701397,-0.08702176353588306,0.3500115386095758,0.5258518201374351,0.41172620241293856,0.41005532268550066,0.26169218438752956,0.35317126469007665,0.14147621681137285,,-0.22639314654574474,0.014964888553100762,-0.0011875061242791307,-0.23174229242372335,0.01794907972198667,0.2567445201566453,0.24368822776084617,0.3200816875240073,0.4373767846670759,0.03443075864796189,0.5292617354862363,0.1179556900106434,,0.3290531485087897,0.5325291752084516,0.31312865881735535,0.350167862850842,,0.16951244011941696,-0.017502793931585756,-0.046278931878917295,-0.03693501071607615,-0.30758080377769836,0.06767556880674913,0.0026051078840374363,0.08442407987767044,,0.12685098837965283,,0.489449592269055,0.19701083808961742,0.09435956535131643,,0.5659350988072529,-0.08321339085825928,-0.08099735670905772,-0.07490033618850811,,0.3886769512009453,0.16313359158539545,-0.2432411922913872,0.008461334743468656,0.16649920965709872,0.3742194915047862,0.2854198625814128,-0.20627134293708824,,0.07643081953067185,-0.061084693433365075,0.035468807354917066,0.4322487788382928,0.14309955897517945,0.4392284680663519,0.367650046652771,0.530103299965661,0.4139777360465772,0.35148142203520233,0.480699009962359,0.3855163533902569,0.5787280014352745,0.49144869231312993,0.4365971180433525,0.5033884068460669,0.5391759263782755,0.5620243855384464,0.4121452414593773,0.49360770100576057,0.48749252991150577,0.15753261387417142,0.25228299985531366,0.29848924387796755,-0.0043250416413543194,-0.050100472090420206,-0.2547511271014683,0.012754878559636687,0.4059593044341296,0.0042385459406501435,0.13284394564051086,0.008492587087912009,0.47697284783067045,0.14016323395851307,0.3487259106620387,-0.11920855328353253,0.08427788008772728,0.3735334123009142,0.22306554327860154,-0.2410231780877197,0.14251945051886272,0.42854512272793166,0.37128272601180473,0.43807298625326224,0.019205884297988182,-0.1350438108834017,0.21766325317744792,0.35373202725506014,0.5749657470663524,0.3470415325673665,0.4451904349998537,0.3882303810008017,0.045752443476437143,0.2893760682111115,0.1105881271547206,0.586786459568029,0.44097141812943985,0.419080613614137,0.387186137141417,0.40600693853817343,0.11795396685119092,0.13426501381550734,0.30490317450061666,0.09784650063294563,0.46528648049318794,0.0934041665246259,0.44604784646191814,-0.08998538298152907,0.08773808833748996,-0.2628383625449801,0.374431520342749,1.0,-0.10202699749736302,-0.09944996799800268,0.07543137292728119,-0.24097534738402404,-0.12375618206565094,-0.09979953369795502,0.42549646984334455,0.14093977625762116,0.42083587258331867,0.21285965635945356,0.3853117344886437,0.38258403029852633,0.30251024222351425,0.4482681728710951,0.2657127130499881,0.33344267164365854,0.33137295351736823,0.18556155754493123,0.37330041601205693,0.03833269619764213,0.05453120816279273,0.33997190561643204,0.1537017933014961,-0.03759028476417999,0.41470399576883227,-0.005992250024262731,0.40049415210397554,0.5574741422208311,0.41873489574639444,0.42698160398297175,-0.059819951450332864,0.08171236674278554,0.3162816841752696,0.39054236437918033,0.41034887274614074,0.37794355529830465,0.47473922446232275,0.39196765114887555,0.3655713868863787,0.3053178896621916,0.40474228510614063,0.16193789080840626,-0.1704315733064728,0.16354938611912,0.2120601913023775,0.34297249075875474,0.3910408345483289,0.4955413263798645
5621,-0.036970339399887316,-0.032330486943597456,0.44752867887169717,0.37431681669218525,0.4057428994688745,0.3331885854481881,0.23724614409238334,0.3508034375849433,0.2939972221355784,0.21603020562031294,0.2937731345228119,0.3571025735215089,0.1518415942347916,0.3346998084793777,0.47307919562941775,0.34216493756128274,0.20015219995982106,0.2643756101509577,0.2665584912990311,0.4244202531301273,0.026697203094147554,-0.2843951124378736,,-0.026094355048726474,0.4646861943789305,0.022955367912543136,0.3696096615199322,0.33058602638717627,0.3122853296870975,0.36079893608433106,0.35202255072464184,0.2217852865137022,0.0937735776522714,0.17350759562284418,0.14814883908955012,,-0.004535689356866352,0.09943391957022117,0.19996880171996226,0.3485912844665795,,0.220233829901244,0.3367194394786704,0.25446927984543116,0.08546111538553539,0.22597578779970914,0.04400369289836642,0.2935600904090795,0.06791045194844136,,-0.2025467463894211,,-0.0576611681177626,0.32555027623789085,0.2841065015490648,,-0.2275975729344949,0.038906750927054846,0.4517792217699564,0.337118346504101,,-0.06035056742511623,-0.03269213789056032,0.1314636214966281,0.039845999994155105,0.3743334599402702,0.25398418776095627,0.2584340532230955,0.3088709784431482,,0.17252510320492026,0.1353527679719717,0.16959352629247312,0.2580255569242845,0.3369254911859131,0.2468703927337061,0.34643244554068997,0.14235184048871768,0.07250647311983041,0.25523776815682336,0.21813711042542716,0.2725731502698027,-0.06474527001590485,0.18949822598389535,0.28039761865290425,0.20639236459517346,0.1174318886942701,0.014557247441232515,0.2671052706080705,0.21918518697181055,0.2013752005740877,0.23030476922006565,0.11303966380024502,0.34217448995476024,0.13902841269732683,0.36372417145228125,0.2367763850555028,0.22086084879413756,0.2613198858562303,0.19689239504436457,0.3403631622757483,-0.05793330938825728,0.1876447376179585,0.11953158124852524,0.3470920003922501,0.13909533924826364,0.07929538562083002,0.10096964445354557,0.40102441118923593,0.4561531242476087,-0.02546143953226612,0.2051285006473188,0.2962386123741382,0.33136651132031975,0.3876472031449681,0.016966681690454944,0.04120614156153217,0.2640517010910942,0.10164167368483196,0.3215200165648678,0.23265555353910042,0.1499771398728756,0.006763935185182957,0.3355939719469044,-0.3252725446368341,-0.04307139725846295,0.2781702426946855,0.25739423775953946,0.2669741631889374,0.04738388248508069,0.22736727880428734,0.34362570812125803,0.3895459908031591,0.0369122429122166,0.25223284078279146,-0.06344586053043749,0.2503977309970743,0.1518415942347916,0.44770671363518344,0.2671767072995533,0.2979800044511165,-0.10202699749736302,1.0,0.28479534920274774,0.2619937113725916,0.3843892351081196,0.09928134025012215,0.3735425982900447,0.18856865721861388,0.4707743675128687,0.27543234274926676,0.06529078902330294,0.31567352362852663,0.30827843390491494,0.3603044676322967,0.25239496952833873,0.3798556644050886,0.27329934976153525,0.35184237623724357,0.3681007046209948,0.31606863882081054,0.4514231555665749,0.45315140603251536,0.25549168631983143,0.3979613372410246,0.5123117625820532,0.25099907464539195,0.08489297410846472,0.29960821459459563,0.1026918120863714,0.268316050520773,0.2323482092219668,0.40371581337857215,0.1818279847243273,0.31228809694622517,0.2850502044516882,0.24385867349982793,0.3309461626529227,0.23451186584429193,0.2810563299422483,0.303984474093239,0.16112330072158756,0.21472297299961732,0.38410026328759794,0.1342456811429007,0.25698643764977264,0.44555389301641607,0.38778866721173355,0.26213478375091076,0.13616874750205774
5622,-0.28838370438286354,0.22287404335028121,0.5824193541853625,0.5806612293827331,0.576405970722067,0.5563225296949292,0.31113306449029193,0.4735040631651759,0.33229467339005386,0.3415840580009305,0.40224325932669064,0.45564457379247975,0.3696760757123061,0.45754197150445075,0.4418581515537244,0.3999326416018167,0.24812158956441052,0.3246439286870304,0.3488944566481787,0.5345947840740551,-0.22833145385206732,-0.30177170365981987,,0.21670157703494547,0.6321430670691348,-0.08593758694753525,0.5313155067827812,0.5325027839342881,0.4882658145871129,0.5500454161367592,0.5206754772086097,0.31137946484630313,0.0899440839954707,0.18170470904029348,0.41833015536287876,,0.001872921778940041,0.06536308189943671,0.07478847803266979,0.4616346142203444,,0.3559033375809012,0.5548041281292789,0.32772080948175547,0.077216229114105,0.3848783531587242,0.07292743456019639,0.5523818413942488,-0.006919182007089746,,-0.23726470761030172,,-0.0983361916767133,0.33356872656860453,0.3629163033998793,,-0.0565265455107626,0.090149575179975,0.6914969579852367,0.4753442822005936,,-0.06892974512541843,-0.011618543895288838,0.15475656293551812,0.2811204294439916,0.607030076811741,0.4720308706590839,0.3134605999392542,0.5355562266618246,,0.26265226481136034,0.11246235877066671,0.11566039338677424,0.37706811395215245,0.5502713550205679,0.3581257588082734,0.4492027140586493,0.28250825315024003,0.19922443221567543,0.4094583019097804,0.26425471798040673,0.37868938676680225,-0.15441195731095914,0.22208323926532328,0.26226745503395865,0.26019530871177715,0.18510273377941694,-0.0697807026384614,0.31880204782484034,0.2442250305466966,0.2435216881717008,0.42486933893136675,0.06636503271378241,0.3603979317124414,0.036634195905996474,0.5541534466134992,0.40423695944415755,0.1978230021985379,0.33689111676663197,0.07757992535228812,0.5705000811968107,-0.07699686225051451,0.25896657712462195,0.09671157882877364,0.39851103940016286,0.5423279966332955,0.038988453979027025,0.2367068526269376,0.5828616961464373,0.6444601771359788,-0.059100750697339374,0.23924488619400938,0.3712835889075614,0.34170744618656673,0.5650785923510995,0.038373879827332896,0.02172349777480957,0.23599021510560167,0.054699853425524136,0.36845766263723995,0.3463951417519621,0.145381637474906,0.17732800436493074,0.5740171908680133,-0.2934112844244743,-0.15524447934485594,0.4085975663345544,0.2900358882360736,0.3561683202237886,0.20800332404443292,0.32065252322673893,0.5805223975081473,0.5415754607079253,0.05317792730062085,0.31570028182807475,0.06119223245636466,0.32858621332470517,0.3696760757123061,0.6029550384783336,0.48554023408292374,0.3907839941597136,-0.09944996799800268,0.28479534920274774,1.0,0.2520751731924614,0.3307982838098662,0.1567034170622852,0.35461182851358997,0.11142952866151305,0.6279718187286668,0.3194613628256438,0.27798222258500044,0.35118964871105635,0.39015339915974273,0.4131481897698228,0.2783500025499738,0.5034218874731871,0.4428492588883517,0.3810692488320298,0.4611653984880162,0.3651049629931783,0.49300077704159534,0.55547320439804,0.3261617893449754,0.5014149221794173,0.6534620852212776,0.29032676274122526,0.3774048095599862,0.3394827716276865,0.12693090780867464,0.3802893309693021,0.28664756009657244,0.6396613186799458,0.41361573808494595,0.4667349696451945,0.3209945195306015,0.3896567446779071,0.39901659424010244,0.3184647875819538,0.3374440645716305,0.3742900096520776,0.23701169230321686,0.28820891684844174,0.528806699713252,0.21326872478531586,0.30844707861082776,0.5646200953888892,0.35399544680304307,0.3288183126190746,0.10005138498044816
5629,-0.1750739801916714,-0.03580138850160465,0.3184602850764902,0.5111918102575219,0.5017791756556325,0.48413443351781416,0.3758373784101312,0.4680182971890694,0.37686505966564954,0.3283965585810623,0.426842266630241,0.4458943475099541,0.10607624848115256,0.46261035059823225,0.39580052227814344,0.4246730972140941,0.350523421533293,0.38830513109193987,0.4063368227550396,0.49801660280729854,-0.15358712170717667,-0.13140267036181924,,-0.03576069261114559,0.3631534429496936,-0.05402462411959573,0.3620604037253877,0.4115111074288154,0.48578874445475423,0.4962418756935993,0.4852376980461747,0.3682699430861144,0.13072064159593305,0.340154114404172,0.2696974267975603,,0.08516326023240249,0.18897572131035983,0.13195537065937826,0.4607666727307665,,0.4586247877130611,0.43364756497286816,0.2427530547597733,0.05646046684905933,0.26467708677258023,0.08821054219756695,0.3595562223605272,0.004511985300647468,,-0.14197428844311183,,0.04202083556986139,0.27712111912015713,0.2880729304904732,,0.03171676649215203,0.0615061393494337,0.470625659699601,0.38292203865855373,,-0.012779878091021733,0.13983500831396542,0.15092273160627748,0.04312780494589018,0.4952747651360099,0.4436059318723187,0.3610839653581265,0.2901438159083199,,0.05474881392010483,0.044056032873892335,0.029334816689362164,0.4292494679764598,0.5624397578851356,0.3826667721339196,0.43225789507604906,0.33316224034231373,0.34969608054735035,0.4261378999492216,0.3316141697665156,0.40061378080963594,0.05264145784762749,0.30361618520952205,0.33400645296793025,0.3504970538648579,0.27813508075711085,0.1036478500319147,0.40780158874286854,0.33034652198058045,0.325441557098391,0.3212989821561329,0.1411050443921342,0.3936535182565762,-0.06360503060005204,0.28485876199012883,0.39988101460722414,0.1989944297615742,0.45401257118810034,0.13932732236133571,0.4421552234179753,-0.06829320918860361,0.31783884620611497,0.18511081810231197,0.4425643283639366,0.16272213569258134,0.04468087229280416,0.2995341006789656,0.42282732838191045,0.3870644978104462,0.1576038018719371,0.3394432393550775,0.42545620189482797,0.3676112293200909,0.3406427075577101,-0.13213300252977908,-0.008951516444328421,0.3261956566766543,0.16226352774992558,0.3784304189209909,0.35328481181627136,0.23874723089975655,0.014889535986662298,0.4847930134521367,-0.2261021742450786,0.03045464450664631,0.42749630290629503,0.39063202927617513,0.3874153143596959,0.2682247117304693,0.3380960438553955,0.4920253701408177,0.4694997751689436,-0.14050992332338316,0.3247002584704941,0.011035573315548993,0.3327586604022115,0.10607624848115256,0.40972181096350807,0.3263355914390321,0.4263937273242612,0.07543137292728119,0.2619937113725916,0.2520751731924614,1.0,0.2612175352898339,0.06548472471125012,0.38792560486532635,0.1776982660283108,0.4432434760079845,0.37601299461082605,0.2170106994782246,0.39897851838280834,0.4217599395544994,0.40515248863909115,0.34148485531213835,0.4406364891551777,0.4643029758622003,0.3943254016873685,0.40662497850487717,0.4033885258243282,0.42756708522430054,0.49696138566870157,0.35098919202988793,0.45901242689309063,0.5274722801801911,0.35376051436274114,0.10236061101293414,0.3675764160166353,0.29090633600010746,0.3406983593482098,0.33285416464090684,0.45145638981229425,0.24793644074333193,0.4655331235032046,0.39409771884889383,0.4322443542887875,0.43283084096393065,0.36409847011033303,0.39452962589451596,0.40893930034185483,0.014497078431625959,0.37418570181985183,0.49738409556587515,-0.011803076635808494,0.2019796772401872,0.5075622741581557,0.417130860212,0.38837661671750384,0.1626451493465007
6111,-0.22662981902282184,0.13892680778702168,0.43113734882218474,0.11182028868882463,0.1928634463511448,0.1175899013081066,-0.05956801617478565,0.0778291592109777,-0.04930251694734017,0.06478518966490461,0.05462712934127602,0.09475988579287299,0.4005601065368502,0.027712596087498972,0.9355469605331039,-0.015850415118620658,-0.10555120107451298,-0.10123818683826166,-0.08144674274354717,0.12335990516790117,-0.1901960231494233,-0.16369133422439802,,0.14614154304998256,0.4276170434957392,0.06422001479504001,0.16522763169906213,0.2816713279614975,0.06572749342827014,0.08666616523660033,0.09419500172749419,-0.06589866681493449,-0.12863137199770208,-0.11540150733861515,0.09531827535385441,,-0.03998744527994815,-0.19145719514714032,-0.12164438365583513,0.04111939443934737,,0.21196507355526134,0.22445901689210443,0.2772531917163363,0.3614130728987909,0.31607893285049493,0.1491030279180865,0.2268968200020605,0.031126790903335456,,-0.16901949720352527,,-0.31161538017039325,0.07875906330983658,0.10488747592855968,,-0.35155789053188746,0.2532854868152096,0.39908413319175745,0.22365772318460747,,-0.25501862544454873,-0.12120727558317104,0.3362986697137489,0.11559592657387156,0.16369965202679246,0.08591521110040383,-0.08039621189387845,0.38389875490428405,,0.20891701454201933,0.20718166719032488,-0.0739301774750762,0.13419398411344102,0.3430683440487152,-0.03482485729386414,0.05131740167965747,-0.06466062549327185,0.09400409891376152,-0.0610353641627412,-0.05541556108825056,-0.0711990427534287,-0.1837900086342259,-0.1480958826353086,-0.01128814634549312,-0.09589258042444818,-0.1873834208384883,-0.24786177503099666,-0.09960903928741992,-0.10529249379948766,-0.12313874918676807,0.14907397218061114,0.09956131989261362,0.006105198399854718,0.1616209519366661,0.3545704429079854,0.30561118639864154,0.023053526440914875,0.0024777601184692495,0.3859128238775619,0.22676800259985977,0.07945785853819645,0.12251962075534137,0.34893657868571226,0.01734835963096061,0.19401154462357442,0.12218509570657764,-0.061654805797624355,0.11764203839430132,0.41531612124771494,-0.10232734310624622,-0.10582009524700597,-0.035402951914742034,0.240210373405728,0.20190544938700591,0.1619644365770785,0.1124080384171173,-0.10032347953058272,-0.05154917715212309,-0.06251319828086835,-0.012909612610936962,0.10529328242632024,0.23322047913702723,0.13731153563545065,-0.08945570321277335,-0.09666402768429198,0.028422267528970067,0.012908066200161704,-0.029357743681193295,-0.020599859685486655,0.3653026813379149,0.10574548344250083,0.1485664378395856,0.04622172714654908,0.13450322405722193,-0.1490979276507512,0.08727640396217815,0.4005601065368502,0.33119745097745007,0.2960528554746455,-0.026508644907341995,-0.24097534738402404,0.3843892351081196,0.3307982838098662,0.2612175352898339,1.0,0.6799699100683708,0.7682513591358918,-0.11087257106515973,0.41138417927937954,-0.07327774440063634,0.019454532385388804,-0.06405391210849093,-0.03643049325004844,-0.022237118742043642,-0.06971313050392866,0.05800771533986302,-0.007855760114046725,-0.03066018745512005,0.07107405426875357,-0.04951846815786145,0.12166413909747185,0.10980067998510844,-0.12248461393415565,-0.012915558900854884,0.3760544677886992,-0.048853585406292414,-0.010277792424139055,-0.08019503571756204,0.0016811988186054732,0.16113146993321853,-0.07118065186312107,0.06990275256799643,-0.17369279478571212,0.011691535020183122,-0.059376504123323584,0.0073500612403936145,-0.02563781081264682,-0.06362935629421897,-0.0767678525434177,-0.10230575072407096,-0.02359698366475149,-0.18155509415060342,0.18343094139034194,0.15108061048981022,0.19195894972010372,0.15666810864543246,0.0701443980182516,-0.0456588481707104,-0.020910968408108608
6112,-0.3819375127397747,0.3204085758892773,0.22308545824955772,-0.1325765633976269,-0.05750989298981843,-0.05624924640394463,-0.27333263898365195,-0.19804974112062465,-0.3319429869007962,-0.002189762657304993,-0.19752274049770135,-0.19472768963425244,0.6423457198349238,-0.2500052819726053,0.5524235284874472,-0.33237379209061974,-0.3454129218322536,-0.3852136740271201,-0.34746800760843227,-0.2410438138128919,-0.39016400030062626,0.012520339215260395,,0.3265104165372214,0.17051322792484613,0.14817004112523735,0.046499819470986574,0.15048759188365826,-0.20600197121557487,-0.1651120998926047,-0.1419748264664352,-0.3147710769153444,-0.1292598270937401,-0.3319614545687135,0.16214899336581262,,-0.024381625655377572,-0.31475460434800384,-0.2204340385786763,-0.23761501287071513,,0.05463436411242128,-0.05873200804443872,0.2588129613230167,0.5333224743719368,0.23826929852719372,0.0365437632287074,0.00656775792110273,-0.09192198401669559,,-0.11906841620408787,,-0.2316425683537852,-0.09997435604875762,0.03639045685166745,,-0.07669259132907123,0.36907697014989077,0.2295272743324596,-0.04152042674239487,,-0.2747759109361264,-0.3270726811869964,0.20930912501729237,0.31539134019209375,-0.03270995526945243,0.0019676849926494717,-0.3257255291581117,0.21686793277788746,,0.17792742512766488,0.09388646749392024,-0.03682860725075087,-0.09096290171037603,0.2175016998341901,-0.19289793296991967,-0.2039173901154931,-0.17457811635082665,0.2547060773395121,-0.30080649385173197,-0.29675309964107094,-0.3358692765218664,-0.28017145155870854,-0.33630987547770963,-0.2888020011905389,-0.2646676851360538,-0.308991497429657,-0.3333491524623467,-0.31406088943975974,-0.27527960262146667,-0.28830564160323685,0.1327137337262644,-0.07914127791843573,-0.3175861786002921,-0.021677166462746384,0.04181882551841362,0.15872436151181318,-0.08125446737008818,-0.2744445176509253,0.23577062159512,0.018027220343981642,0.10087748809833257,0.014350413203918234,0.3768230423361291,-0.3183871426283245,0.23041640576530373,-0.005775293492856576,-0.11272019845673711,-0.0968083063299316,0.2897086715180827,-0.01301605763762709,-0.28652058085633414,-0.2729522470759058,0.054989961328120174,0.1350557371477677,0.3614603036123838,0.19235520351374227,-0.5261152103168963,-0.17200963937337152,-0.3738671604469876,-0.1306374338901081,0.027565798307940703,0.597986937049181,-0.016464271951869894,0.15338275332728468,-0.10741293002971378,-0.22898318594140926,-0.283194491122372,-0.28207492333640993,-0.09011614858498079,0.3799535204878785,-0.07660802381029656,-0.11005938985462062,-0.019182539178488802,0.03509165328122779,-0.02453079289872565,-0.055032701652487595,0.6423457198349238,0.09359273142469914,0.2834212776919059,-0.3291568877585353,-0.12375618206565094,0.09928134025012215,0.1567034170622852,0.06548472471125012,0.6799699100683708,1.0,0.7005295298550632,-0.23562997610313846,0.1619653156046416,-0.35336311945104903,0.06074012822557141,-0.365484946599242,-0.32173323355851213,-0.35350110005590624,-0.28847551557027035,-0.1707095324722083,-0.26898439854135314,-0.38329069777467556,-0.2042494531574116,-0.3304684297541362,-0.3124754505689372,-0.2543375387092182,-0.3914630074767009,-0.24267475438843397,-0.050453049522130346,-0.3335689403841139,0.1453404525544626,-0.3706483412323038,-0.19163477165521337,0.044451740762859834,-0.3119122869821763,-0.11388060557823462,-0.33122807003579013,-0.25243216877951496,-0.3922925162398522,-0.22706355252069332,-0.31239042136694567,-0.2783527435275016,-0.3957768091146435,-0.40255949806809393,-0.05885138545341951,-0.4437980889448979,-0.17611338241922148,0.12641729292271237,0.07187281596199988,-0.2135679989129138,-0.27052976894664493,-0.31560797558591813,-0.2754763353456457
6113,-0.20325183489704451,0.1518312557493168,0.5206177259940072,0.3243929577941354,0.38924199874140303,0.3559425531262681,0.16038034567253537,0.2823130801269826,0.1355132019327373,0.2921472508971527,0.250572569572339,0.2858509261970402,0.45869893759349895,0.23531448815243255,0.8174338384052483,0.1717297781013886,0.07255170902980235,0.10314702728622184,0.13106935200504183,0.27038435541184974,-0.1548011885609365,-0.19522772296202082,,0.15434523289448174,0.5045541542109574,0.03818292298226696,0.29252830663051316,0.42088012761735943,0.2696114609667957,0.3044320173414569,0.29724160707725344,0.1416059165038138,-0.11355488296102648,0.027469407849987634,0.25909335839065956,,0.08225240004537178,-0.05823215807963623,0.07215235434522936,0.24896516868362237,,0.3195191014480904,0.3405068686863571,0.2466801838580526,0.2894035478405987,0.27578350711578115,0.1965301698098522,0.32505972418571216,-0.0054943963715295835,,-0.18203019480241237,,-0.1103576473246021,0.14944452044381343,0.22772171945539613,,-0.1429534636414988,0.3328782239456008,0.5320783876976296,0.28747846284860473,,-0.21128964960702623,-0.03939063725764579,0.3007098225953358,0.18933751149407255,0.38530147235339274,0.3193239668248405,0.14097240020509844,0.4737199775221315,,0.20893616970683773,0.07808776405171916,-0.016275045874627563,0.2718032168641284,0.526292414806482,0.18334891039688236,0.2664857239233601,0.1350669765229925,0.33733261335315595,0.16570303310204212,0.13841742492097978,0.14162973833933076,-0.09541589673435986,0.061883664906681346,0.1839653770236064,0.11941905044808951,0.02178804232496636,-0.08272892477737087,0.1441436053176895,0.12318930390152207,0.08192913372445249,0.32759770740372396,0.11089705184421038,0.18911945445038206,0.13209147807819188,0.4181804176194562,0.33763410722861253,0.19388805345780558,0.20104128364143628,0.23326198972243548,0.3828669483539085,0.024271102140999676,0.3099542274292193,0.3449612177841046,0.20342221952192607,0.2293171042943779,0.14071610775869267,0.13142874135901833,0.3210623087426815,0.45377470690729715,-0.014586029459715558,0.09321897083036584,0.18925624082515566,0.41830196156093463,0.37569293982861146,0.1429631503116155,0.12360478120131757,-0.02170237084660987,0.08657320947518753,0.12663840393493778,0.24139934842694472,0.23310328035854208,0.38081117818264765,0.36608680789013115,-0.10853721851072827,0.010049929523845029,0.22011054122837567,0.1465784755069539,0.17742114757520666,0.1667720596375495,0.43316092312508037,0.33252255041577045,0.3377322494651642,-0.035415844418965246,0.3401074033005222,-0.05296491903959293,0.29349629482193595,0.45869893759349895,0.3858426989103755,0.4135688979855253,0.17041872379177608,-0.09979953369795502,0.3735425982900447,0.35461182851358997,0.38792560486532635,0.7682513591358918,0.7005295298550632,1.0,-0.03509992180978319,0.5724849535779378,0.12281121053528088,0.13424364317924295,0.12679339458191285,0.1554423126849143,0.16046228745283883,0.11608918502609974,0.2601533137786253,0.17606457108084408,0.1381091419334562,0.2230090821121211,0.15164525576037852,0.24592311648385293,0.28846742960050475,0.08159375736024031,0.2108886498554389,0.4550037225106206,0.14185896573143664,0.21797194390146254,0.12467549653737832,0.07800840041916866,0.324987886489737,0.10868759596512063,0.26355574842342566,-0.006442827035698267,0.2206828764003393,0.11599103715871933,0.1932860286860605,0.19367698963232505,0.14470570552052384,0.11868591414934199,0.09647790328408182,0.08455084365333282,0.004748061366503507,0.31740370417894737,0.06948560606183517,0.24885115352371273,0.2878126695613098,0.2221939126366842,0.13974398795222126,0.07646683378676343
6114,0.3811717331216759,-0.19521755797635862,0.14546556281989556,0.4286948433934077,0.4653604338581966,0.46243122356404043,0.5812932456054957,0.534969182639848,0.5841991695757881,0.522050255716373,0.5560104672434438,0.5434264615579135,-0.12752105735485136,0.5221574220055092,0.09018746862279024,0.5494930163287395,0.5800823275655231,0.577682001062285,0.5612782908361753,0.48712506240912745,0.4148114378000387,-0.0013729134651801094,,-0.20343061111265287,0.19065400464257246,-0.07877092674495739,0.022536547091516618,0.11723206358015571,0.4593785402597514,0.4559992397333878,0.45857767550247447,0.5671397934911648,0.03378913342867004,0.5716111565280957,0.18084200837095318,,0.3442187342758758,0.5376398038013167,0.3270021300028364,0.5427808586743722,,0.2541255868206141,0.2780321871440776,-0.08280153296186404,-0.1876174480652092,-0.04120959429276955,0.09469809396947433,0.2309616156803374,0.12047438113492373,,-0.027639150608936448,,0.4918982758564462,0.3389805130715624,0.20071845387632098,,0.2947309867377551,-0.024949392263881907,0.1917746083867304,0.14196924111819992,,0.3538149979992161,0.33416143506247925,-0.09093337425265839,-0.0054628524207780416,0.36419858053140763,0.47951790394755117,0.5294878396748617,0.056905923821251196,,0.09674385854830082,0.06523318370157638,0.05406621533080143,0.5063679973022097,0.3011918603149141,0.5321735914265837,0.5506937613385089,0.5503323288001815,0.3133060470110664,0.5319400556129342,0.6139293398466663,0.561124549815717,0.49393331639542576,0.563207407064884,0.600621455988035,0.5679024078035898,0.5250040419449437,0.5278045531172274,0.5579005690745135,0.5608543152861899,0.5463460744339316,0.06907118694975509,0.40959115000055196,0.5330951096178785,0.049481877629828176,0.15695346587107187,-0.13658700148533232,0.2724160952248914,0.5112891533787663,-0.027983589760149225,0.2767593549790743,0.05394380567968135,0.45055188842798005,0.03931292807058437,0.543264279630788,-0.11487246171770264,0.13261116499119568,0.47677978526732084,0.4733745502685009,-0.022472808827941088,0.08252332797001934,0.5360913780806582,0.5027834214878787,0.4992691835731795,0.18260371417985805,-0.11935630302281086,0.09903166429570888,0.5627579190152648,0.5590890842286614,0.5648821679778919,0.5519625814424454,0.4263004270295387,-0.0591959674220546,0.4452666800950345,-0.07660269827898689,0.42784960709021086,0.5469864964204433,0.5498909228207038,0.5422325007481047,0.31574160490702396,0.1895611057715215,0.3412304316446141,0.5100312432574677,0.1360384249781374,0.49402144189473934,-0.013177939022544426,0.5284313981683839,-0.12752105735485136,0.28047086803619914,-0.07059394347557707,0.5412370439943606,0.42549646984334455,0.18856865721861388,0.11142952866151305,0.1776982660283108,-0.11087257106515973,-0.23562997610313846,-0.03509992180978319,1.0,0.4201835134084424,0.5685899362688428,0.25977808520650986,0.5602422390837613,0.5466372389876343,0.5301235461548627,0.5580060145562582,0.4860532665529544,0.41963727721618777,0.544733421255601,0.35354003413474405,0.550317701143793,0.399755304042346,0.38583132218710064,0.5041503425668955,0.3683453070289037,0.3237048723185884,0.5767007646870967,-0.014910136595099552,0.5478369302127495,0.4961746364260356,0.4112841084241419,0.5561394557053998,0.19159640979850506,0.14854980097671064,0.5089040935211672,0.5624192291900925,0.5303172410522732,0.5451636066464532,0.5643447356430419,0.5730284087246386,0.5499680543092312,0.3033487467098574,0.5677980359264857,0.45641332787307715,-0.015474621878102031,0.18413313233847434,0.4525494821902414,0.4818629949167035,0.5145100139797771,0.5443864404862798
6115,0.0014188549761340122,-0.01939651712175123,0.6960235882138974,0.8437663949841567,0.8952140310286927,0.8340863087714314,0.7105259013267414,0.8344927598018637,0.7260141353266243,0.745405506322973,0.7959460618239473,0.8395949672810558,0.33801624508676004,0.8066092427739151,0.6630110058109318,0.761426777116237,0.6466746950071824,0.6975154810700499,0.7161378696286623,0.8391766457910997,0.058619448339869006,-0.2211993805566407,,-0.019863645393765388,0.7232035282344053,-0.026769913824317045,0.4866323301493889,0.6229223474557203,0.7601504010392757,0.8334773429661184,0.8293353001517649,0.6897361178650191,0.060410776215446535,0.5851771273650955,0.3858012848524285,,0.28805079959272367,0.4259161567309648,0.3341976270815843,0.8232459867286339,,0.5966440162502438,0.7118701204609121,0.22575700100874083,0.03932294724008258,0.2975606410946415,0.12794117643251096,0.673397155323225,0.09552657478307187,,-0.2522060527360742,,0.2296950307544964,0.530773851826603,0.4782041378243928,,0.06375350969840764,0.10274267930139491,0.8131394033826385,0.5296196020764444,,0.060764359521725174,0.19910494986233435,0.24522770455911364,0.17104975592423458,0.8283414751144473,0.7720164692746724,0.6447027849953887,0.5327180816164316,,0.30506058310129075,0.08465953551627611,0.19894560576608666,0.7311266949583223,0.8012160619441481,0.7216068942263412,0.8165395486530546,0.6361925890296763,0.46990068099859283,0.7208763621600479,0.6686635844925481,0.7295712207466359,0.22180381758395035,0.6157165060511897,0.7030580210156925,0.6621307890202357,0.5273359829417733,0.3468807367236319,0.7058585014680036,0.655331847498436,0.6164042500737671,0.49855649913110583,0.3079339252647725,0.7432759841969954,0.11001362974496173,0.5736502675197284,0.324749651324191,0.393924357065472,0.717446580058023,0.14749462447198664,0.7466530427218304,-0.03005244564015079,0.6709067404274399,0.24430163204571212,0.777968738808261,0.36085019274485935,0.1992353022990869,0.5037357117575296,0.8527885625256869,0.5739393768172459,0.015738831865274066,0.62936732004963,0.7341918655413247,0.766566651773599,0.6679121336371402,-0.09741672061488638,0.1788710669243547,0.575912725449684,0.5078905136431078,0.7060877366688553,0.7415357489404616,0.482497377383916,0.20715372503171298,0.8582337741933238,-0.31629707510113414,0.2550548717915966,0.7795196275570425,0.6868520802546608,0.7212917041740361,0.46178109316163846,0.45078135842276773,0.7787095179315755,0.8756603977803253,0.141001529762418,0.7475507616190658,0.028247007807879393,0.7622545728322484,0.33801624508676004,0.7943706761475839,0.41107349878212057,0.7513568561649439,0.14093977625762116,0.4707743675128687,0.6279718187286668,0.4432434760079845,0.41138417927937954,0.1619653156046416,0.5724849535779378,0.4201835134084424,1.0,0.708573464965848,0.3801267977016929,0.722609725915177,0.7364305778955237,0.7638314698238281,0.6777582739635789,0.8174492916184322,0.7141440146649276,0.7390257780619748,0.6841272091694274,0.7392023143390234,0.7339069644683487,0.7833757712222927,0.6544519922725704,0.7097181039335982,0.8553968634176293,0.699471989387576,0.3536136565687971,0.7166161385260239,0.4964786914680945,0.7218146675931542,0.6560685330813174,0.6938302974053664,0.3897321650094807,0.7813147007635537,0.6987948053626254,0.7273637923125563,0.771923249553633,0.6949977648149892,0.7062608724446913,0.7182053626048128,0.43356572231933,0.6152130145921223,0.77358842291887,0.13990084282490323,0.4677563998082259,0.8396448462276764,0.7178331235447845,0.6806412206955936,0.5083565817615654
6116,0.3416058174042118,-0.32179702860630066,0.3444415989023151,0.879824277990948,0.8562707567184116,0.8575070957038055,0.9794494422793634,0.959451334096293,0.9862075140666805,0.8602337943373445,0.9607211067079319,0.9590935062363453,-0.16064243268282502,0.9688675715763994,0.2779523498791899,0.9835577211587224,0.953000185049497,0.992426001182976,0.9933476760213837,0.8928873783053495,0.366222383213681,-0.03802204486286085,,-0.3277314445434609,0.3783745215342682,-0.07760430325292694,0.2984904501839169,0.4247578522909763,0.8793515476728524,0.9028847533218063,0.9100708532408618,0.9769820191368206,0.07373381370622993,0.9265342315078672,0.316636998021113,,0.47114029018060055,0.8049656303941193,0.5279564702956152,0.9590374529548861,,0.4964920323401995,0.6249874253879723,-0.020549657142315096,-0.3452205279303426,-0.0015520293741479087,0.14919482394651393,0.5214190716875221,0.12830982161839746,,-0.14167672280575364,,0.6160269956797959,0.5735657279999232,0.40724988374204313,,0.41312755886117664,-0.21796324821423538,0.4460404438072221,0.3549281801379143,,0.4161725447985635,0.4526181478661369,-0.038222127776370275,-0.057732792740801925,0.7740751572027481,0.8294301442706106,0.8749629176497572,0.18395011239047973,,0.1031249551754907,-0.05009848751746692,0.1176263694349965,0.8762264024710072,0.6202025408400245,0.9401332198108263,0.959240086983587,0.888875545511013,0.42030936766481114,0.9441641631582683,0.9392206729667156,0.9797101042586547,0.6708635625685961,0.9484045838305762,0.9404627347933004,0.9570361264588806,0.8823605487043904,0.7593316478857578,0.966775935378039,0.9443835687557988,0.9343334378721833,0.4215751529614358,0.4139085081159577,0.9483537918614783,0.14984346989325528,0.33271789450912176,0.012244913037743518,0.5254818659910059,0.9444101521360154,-0.07712706652975575,0.6359913968378107,-0.0930972988056323,0.7917007566757862,0.10145934652861624,0.9743987651375958,0.027597998884666505,0.20041022544213757,0.6953425311792862,0.830486942836854,0.10981897567951107,0.18435779609242536,0.926759396544655,0.9319758557141363,0.7983479362405227,0.4604945771125365,-0.324809297867401,0.06625135985532098,0.9112512099628668,0.8203040125565526,0.9170442982048583,0.9058139060027729,0.5486089932423127,-0.13174288458753133,0.8477247888937278,-0.25441934023042634,0.5801482960057047,0.9470101966739815,0.9561752800398294,0.9694906270200216,0.5993264207806238,0.258844757700007,0.7707684941057606,0.8982731762692824,0.17317103306807377,0.8101564734550123,0.04381716048920042,0.8907846873218919,-0.16064243268282502,0.5553853667686286,0.05279735124078677,0.9794380662409775,0.42083587258331867,0.27543234274926676,0.3194613628256438,0.37601299461082605,-0.07327774440063634,-0.35336311945104903,0.12281121053528088,0.5685899362688428,0.708573464965848,1.0,0.36696533249192975,0.985611829676092,0.9834236524062744,0.9620614149958838,0.9638604483356287,0.8815761712342034,0.8631424009310465,0.9717078040354638,0.6826318562891776,0.98551131945687,0.7575557393479032,0.7768453244719208,0.9455049205475862,0.73413186591703,0.7001506928236074,0.9311469181316059,0.25143751282483584,0.9848227406611435,0.714210396683361,0.6818437304708658,0.9402792467983822,0.5151421161011714,0.5007072468303678,0.9394253304812319,0.9879207765935283,0.9530541898225147,0.9761247990171225,0.9408458278027139,0.9825498278623068,0.9805910061493822,0.5441794603943472,0.944133472905107,0.7466261304658058,-0.14186374633363952,0.4184237703866678,0.837047261408455,0.84261128818162,0.9600541552327978,0.7645290525569766
6117,-0.08735097466450151,0.03624103469775188,0.2386406500190135,0.455903788759848,0.43497661317921854,0.4539466904161144,0.36087859069598754,0.4082854365341847,0.3399284354407041,0.394881433127396,0.3761997235454969,0.40669373486309895,0.17980388126735783,0.407425713231759,0.15580205065186392,0.3794739555945622,0.3214679671058188,0.3422900169244415,0.3715262927828624,0.39134229321912817,-0.11922417306819871,0.08024301824161093,,0.050395811776404835,0.18480298010050578,0.17485760185276056,0.309351641898804,0.24038285723806632,0.371156109156678,0.45522456179482207,0.45328094705031224,0.3572127053177309,-0.028112676665381038,0.3354980895682822,0.3833860577450775,,0.26820907459696036,0.2631179414314282,0.11635728497091706,0.4052229094210842,,0.2863727004145018,0.36693514396601884,0.20262455999147966,-0.07578871243331081,0.14236672384400811,0.16118344918922994,0.24683863023460947,0.005094745277288769,,-0.22944030462118606,,0.2486165870265815,0.23318008709094987,0.22434901848752403,,0.22931917175754654,0.019154669005012122,0.3648403172134035,0.1656923228669878,,0.18858438497791397,-0.0076723827756504555,0.017404766040275865,0.0876241137909753,0.4485459517923122,0.48283841432056296,0.3439123907780809,0.09845497088983776,,0.13433778050600778,0.08534910502357382,0.0429647921625173,0.3725337034507129,0.44648734046455407,0.40201205774580645,0.3961017838723509,0.3383516690103221,0.3291165967109879,0.3255374524476094,0.28063628724135276,0.35443889734563483,0.13020374564770323,0.3227425037992086,0.27663386311373933,0.3676057377262027,0.3274447667018298,0.15549659158104792,0.3777492082662046,0.36062292531130025,0.3412022631773116,0.2820934784959723,0.012765385370306893,0.3644856167535601,-0.10957831687954561,0.1357457321015024,0.06447760461587804,0.2903500605651252,0.3873783327703458,-0.13703230615038675,0.4303645530852198,0.10317796117286496,0.29317510644653777,0.12707170580853053,0.3584227996540575,0.23832490443083656,-0.08529324209158062,0.2972962344084692,0.3661558319373232,0.18966124669575418,0.17848607004819755,0.3513365512153253,0.38167227713807067,0.30622911274244224,0.3634726717928169,0.009638749863376345,0.12607891963835172,0.23175249293573913,0.2689966878690549,0.266635893156704,0.3558415523352952,0.22149004067439992,0.1853003828782519,0.45043075056241066,-0.19048326729999684,0.18297977486850772,0.3452081063758298,0.3392875782367211,0.3741707343418668,0.24200047340584432,0.2796322707018902,0.4296255725283903,0.4277609659698755,0.06422557693568143,0.37223123093683047,0.034427390254205076,0.42839004264567165,0.17980388126735783,0.35647968730837504,0.2470548264640707,0.36532826902206983,0.21285965635945356,0.06529078902330294,0.27798222258500044,0.2170106994782246,0.019454532385388804,0.06074012822557141,0.13424364317924295,0.25977808520650986,0.3801267977016929,0.36696533249192975,1.0,0.3611062549468612,0.38818797948234773,0.3715838505690075,0.3876932345232161,0.4154077385064585,0.3567099389560323,0.3626293768878527,0.33715785501541234,0.38450808842475437,0.2863658937794718,0.3646827638661498,0.3775607628517223,0.4026859675772091,0.3403915633019114,0.33876775528526415,0.23439053090665976,0.36648526408019305,0.18610878654619653,0.2983492870888537,0.3137634118659339,0.3436947686104623,0.24023318082325695,0.4199486784006234,0.32964321328317064,0.40706105843198337,0.3759417290362135,0.38512242232439037,0.3091626760734607,0.3533946109796658,0.2286658804009957,0.37996526533708913,0.3534880885415655,-0.01898730874127123,0.3066100643737294,0.38710438579241563,0.2855361278156712,0.3856227088504622,0.2123536144163063
6211,0.3199300272576375,-0.3071988519535466,0.37693021605238913,0.8857790528330532,0.8612726476292923,0.8594149491594103,0.9633798681435944,0.960224937085062,0.9801103709682649,0.8314572628923622,0.9475039094077952,0.9560325988944791,-0.1425690897942694,0.9656558458092181,0.2826895181703967,0.9959183285607053,0.9288806321617293,0.9831609406287423,0.9842335454134258,0.9068597796381562,0.3466342912419937,-0.06435333793014095,,-0.3105955230987101,0.40799803253387057,-0.06814173637960122,0.3458380305971307,0.45100080545870264,0.8729612121843321,0.9046371274039546,0.9075946893413066,0.9583333357531453,0.09128965687737052,0.9042646061680587,0.3153203875413449,,0.4408299219758922,0.7914667447536715,0.5203297906516869,0.9567085808330285,,0.5102266367768838,0.6328254118593406,0.013600084949364724,-0.3464318435115664,0.03421309025254423,0.11439129274098236,0.5407891979615644,0.11439776768747942,,-0.16529284559865065,,0.5868527159893591,0.6022068690181452,0.41553717718935335,,0.38680436475058555,-0.17969804539540563,0.4749606362921694,0.4001164461151595,,0.38124279099259384,0.45193868946311616,-0.03715087695766092,-0.05395435344814016,0.7895845676711537,0.8119321794904444,0.8876631995752831,0.22466065712321312,,0.1093243100530318,-0.03042061660206946,0.16247900636092816,0.8393236880780255,0.6279090883597624,0.9303843375365078,0.9574040071576565,0.8588976838717785,0.38623089027871155,0.9315667132200895,0.9216111291947892,0.9775769671212318,0.6120986057762908,0.942939050852702,0.9288829310217225,0.9464484635131403,0.8775671209022562,0.7301114392937752,0.9549592414020106,0.9362843532565859,0.9277472880290262,0.42507868835507834,0.38429859166212144,0.948408181582434,0.12102465727000694,0.3371834369747918,0.062067227271376875,0.5008084866166153,0.9399523645736189,-0.07345985119994655,0.6473551753987172,-0.12131679798857098,0.7598228228751698,0.05637033188186059,0.9758171502750541,0.07008990461537723,0.19954821953694857,0.6881089977747413,0.8542911006118032,0.16969576485778365,0.1669350056384855,0.9196486602223691,0.9309276434962925,0.7835763719568339,0.5069026842589393,-0.32686495681261424,0.0681028927119874,0.8998724395005544,0.7719089057919406,0.9123400294020539,0.8866553952843738,0.5390130870060519,-0.1228279564128258,0.8468014464140714,-0.323106443528304,0.5167596019490197,0.9379706412171964,0.9356901518004623,0.9617466397026436,0.5836006428917303,0.25396232609888936,0.7954927598726882,0.9028181125521387,0.14647332476852076,0.7888595060653307,0.060486501810412395,0.8690169584834182,-0.1425690897942694,0.5969535421093675,0.11115657663922554,0.9698285704292389,0.3853117344886437,0.31567352362852663,0.35118964871105635,0.39897851838280834,-0.06405391210849093,-0.365484946599242,0.12679339458191285,0.5602422390837613,0.722609725915177,0.985611829676092,0.3611062549468612,1.0,0.9882022186142178,0.9779148730456836,0.9637312492116735,0.9032942832299705,0.8672318557812755,0.9827971515676309,0.7020486108790803,0.9948699415739901,0.782474904283742,0.8066193502154456,0.9424944746526116,0.763239819801669,0.7312489141026487,0.9206429544597051,0.2956894582081566,0.975399249646742,0.6684205775302062,0.654733021196275,0.9255602236449031,0.5695114712798985,0.5154598730197388,0.9382487814148884,0.9813329261264175,0.9280883242692002,0.9719395025283217,0.9201586550602566,0.9728063183825105,0.9831792116549692,0.5447964029237672,0.9430011835534448,0.7613132246779262,-0.11148201090358834,0.4046282785653845,0.8567311358791201,0.8551731047818285,0.9553539473606825,0.7290266125371144
6212,0.2477410831331578,-0.27630444276664495,0.38185043095221005,0.9128385579737496,0.8748395586049801,0.8972556249275608,0.968792654281145,0.9697841783130131,0.9755627402837808,0.8504145655817545,0.9543993079105543,0.9575424374946928,-0.10341562267495316,0.9728853013162219,0.30884451469888924,0.9913456807131837,0.9227428161449805,0.9808898451849587,0.9875272858353646,0.9085386865070497,0.27545571105449235,-0.07680988845233028,,-0.2846771123531345,0.42802585563885914,-0.09559685770931008,0.39949614437655956,0.4723208778346019,0.889586998247399,0.9278137155451438,0.9303334657452836,0.9626904765020945,0.10060535946272067,0.9045725733527701,0.3606458283453113,,0.45464298655048846,0.782107405725772,0.48886751505290377,0.9638143615127874,,0.5404785175744237,0.659727374666597,0.027235737347297326,-0.29762138761964957,0.06988971251998556,0.13008162627066144,0.5536401708825776,0.09423221506865578,,-0.17863207430480685,,0.5655474049508179,0.6109402977697151,0.42918686206238843,,0.40282113616777226,-0.16211746966997123,0.4992195808086905,0.42077409480467126,,0.3831297106613395,0.4236754551903035,-0.020935044696449523,0.006753237653453899,0.827098497260537,0.8470326857085131,0.8914163774501606,0.23747557225028798,,0.13180521492963096,-0.0208322103543971,0.15120816095655107,0.8588442406881649,0.6731384341947785,0.9435777323527951,0.96759701863532,0.8818464077155784,0.4160051524331197,0.9523165316505392,0.9152729916198856,0.9825717132613834,0.5997743919422687,0.938201740338355,0.9112362417798621,0.948897347995877,0.8802280279135877,0.715695481661847,0.9601585661333241,0.9330325839301495,0.9373276081308559,0.4601137410885095,0.3549785919848616,0.9396085415589704,0.10329564103464128,0.3442820065939399,0.08026839539463303,0.5065053154757646,0.9429054483194521,-0.07430622698242402,0.682979423004525,-0.1345313124330454,0.7754142491336098,0.05917235645431612,0.97181692236504,0.10639968118799253,0.17696096368313047,0.6963569011616277,0.8745764277197775,0.20447881431093756,0.1779225403492093,0.918214488575706,0.9340849160618143,0.7778893891000453,0.5457652526559436,-0.2889773400491913,0.07687702645376517,0.8750538123632166,0.7598705697646978,0.9062380167891328,0.9059844612198942,0.5186414401684636,-0.07915282828752841,0.8835470921393156,-0.30740373220892636,0.4955065628185843,0.9455882836307904,0.9395028720775489,0.966797385609435,0.5897049586469033,0.2911943567409163,0.8254185059290686,0.913256926309551,0.15967069952714852,0.7868282405716239,0.04107744451232374,0.870560064313431,-0.10341562267495316,0.6098025842330452,0.14324376913339923,0.9715410846985296,0.38258403029852633,0.30827843390491494,0.39015339915974273,0.4217599395544994,-0.03643049325004844,-0.32173323355851213,0.1554423126849143,0.5466372389876343,0.7364305778955237,0.9834236524062744,0.38818797948234773,0.9882022186142178,1.0,0.968210558861853,0.9602550714523153,0.908798474773401,0.8781343320858468,0.9678562428494984,0.709272542241658,0.9883603920415345,0.7598224751895576,0.8031803103439257,0.9335312825178298,0.7722516998876475,0.7493774283858989,0.9153358449794717,0.3092470079997353,0.9736724295408128,0.6647635850965994,0.6641500425522578,0.9188000005929221,0.5813196135796307,0.5103486357166597,0.9529065829433625,0.9765977732495568,0.9446627243529673,0.9753421911955353,0.9204937626348494,0.9722911137944644,0.979579020152409,0.5430359656816273,0.937702399657401,0.7766064589356003,-0.11148348355266863,0.42747571023615544,0.8585593046381076,0.8392156633989772,0.9550102126650324,0.6959880940244331
6214,0.25348923642437654,-0.28500672631983676,0.4420066820152461,0.9180523878558499,0.9029870369190767,0.8705007659284103,0.9242580538450859,0.9645149554122118,0.9569448202254922,0.7829131724379202,0.9276992524210352,0.9581961283360492,-0.11717460053576056,0.9678377680582846,0.3176252469511442,0.9872356290502812,0.883188792478861,0.961268244972625,0.962458727172707,0.9473759882782079,0.2906178853616147,-0.13553320198479826,,-0.2861554639748836,0.47870825652849786,-0.08385748102425726,0.4146092117147297,0.5074326108014521,0.9013769533217716,0.9322280184207593,0.9179790411536901,0.9315346098929637,0.11131999395171532,0.8472261283764612,0.3250553622407872,,0.38524539998546053,0.6985045496139253,0.5192451796221375,0.9652223150534116,,0.5146899320200631,0.7132089911154357,0.05845783180142006,-0.3527509814243123,0.10252091646053178,0.1393205238517686,0.6118668868251432,0.1138501611565883,,-0.20537835001994081,,0.5117670782588023,0.5734088334456223,0.45047498732557706,,0.2680457870886088,-0.1477976715028073,0.579504725346713,0.46020080670305874,,0.329045035882475,0.4271569439985457,0.01842489638995306,-0.0419474118419992,0.8265696357350154,0.8062306680561437,0.8587557833828413,0.3141252725174868,,0.12460482342798397,-0.02279885613400359,0.18162778860670753,0.8128211505587662,0.6502260088727643,0.890716049957852,0.9481891480849337,0.7994082424614882,0.3350807138837918,0.9195602587536326,0.8717846878953035,0.9591302668922069,0.49973238233183204,0.8865725739697254,0.9011969915248936,0.8930402724645311,0.8039133743642667,0.6228825476971416,0.9313704794747336,0.8911985851500592,0.8653009438372807,0.45225736787471327,0.32508911330198237,0.9531867743689066,0.13137950843955745,0.41973107289244127,0.14634778582796718,0.5203925214884032,0.9257966962511165,-0.05648703667519126,0.7006925595557538,-0.12897302320290993,0.7084557385976537,0.07136569452116315,0.9726047839634322,0.1401669940039481,0.19844555985088025,0.6476003425942176,0.8808632717037621,0.2822355505579728,0.1374969980952233,0.8698702186048102,0.921175736191559,0.7597067080415177,0.5499541907515867,-0.3241564731081728,0.02033046316450899,0.9023579672836335,0.6916628060802248,0.9111535352649396,0.8424479760778135,0.48217986562176796,-0.1466028866425956,0.8566302746300501,-0.3739338578641557,0.41108880397113645,0.9206608376400088,0.9059015415851644,0.9367629685626769,0.5340394211137002,0.2623022154391692,0.8169452362550662,0.9147573089041067,0.13410127586218665,0.7455296940371992,0.0521519798783308,0.8418440738809232,-0.11717460053576056,0.6554420650615644,0.18974896189474907,0.9647232470493418,0.30251024222351425,0.3603044676322967,0.4131481897698228,0.40515248863909115,-0.022237118742043642,-0.35350110005590624,0.16046228745283883,0.5301235461548627,0.7638314698238281,0.9620614149958838,0.3715838505690075,0.9779148730456836,0.968210558861853,1.0,0.9200853126091136,0.9119435024299005,0.8707521387098387,0.9882151528541224,0.7469604225520701,0.9772474902856014,0.8639502530890958,0.8818910181947189,0.9418758636429307,0.8204935847463524,0.8113223734593435,0.8997100923118112,0.2878779135733563,0.9591484437239921,0.605657999512801,0.6404083188357135,0.8865166394595965,0.6651122434513367,0.5637426342630203,0.9395805925503178,0.9627812904570279,0.9106663294310051,0.9669016646470174,0.885458368076851,0.956156152010043,0.9762809447844158,0.5018597393061635,0.9277046222956133,0.8012449708293993,-0.052176873978091586,0.42422205991177125,0.9124641465988069,0.8764015965114842,0.9287738969174663,0.6777537405910404
6215,0.34564246221543554,-0.3145901034092038,0.3182525721564219,0.829988818845109,0.8087497218464654,0.8295531839483945,0.9696182943997721,0.9255931835128569,0.9608193212072694,0.8812954272828379,0.9421197268641691,0.9266831532070879,-0.0840794596360946,0.9247907148000245,0.26785760738342224,0.9527817325084703,0.9430169160219878,0.9520596166304448,0.9588362717749045,0.8336316825265317,0.35111134125753035,0.03717091543142331,,-0.3157576353236154,0.32639300820862194,0.002854858842279392,0.2738302490713289,0.3928089109862746,0.812537997929477,0.8515174859950114,0.8770346362232506,0.9445797692724033,0.06672790815022071,0.9407566649397944,0.31367359918906057,,0.49905173164902694,0.8665208691975343,0.47139403530360635,0.9127566995999246,,0.48364424750845264,0.5506229856264918,-0.020204161237486962,-0.2713966256164605,-0.010426936170651295,0.11879181011098568,0.4793533193540557,0.09618645950784992,,-0.11736796174795926,,0.6705423713550335,0.6050977462468016,0.39818161556313686,,0.5106923853836398,-0.16571455565572513,0.3861897471897009,0.3107551821619205,,0.4352981483932694,0.4189312857607063,-0.0736230179389162,0.0014019677405771858,0.7301807029688606,0.8246050363922416,0.855158530976953,0.14135943558755132,,0.12269714716143058,-0.05626438752456064,0.12180381166318967,0.8687845566799784,0.6117924531728626,0.953916658542016,0.9358442343261586,0.9066637875543198,0.46042554837120914,0.8941876461214933,0.9238631602647118,0.9452585040426176,0.7099528854439974,0.9624827262165886,0.9119163610598944,0.9759999210244611,0.918375079761324,0.7982680970724146,0.9348055042994073,0.9592623158314547,0.9597106850266629,0.40631831263272383,0.43505563978625394,0.9019516542389363,0.11877064799161854,0.2219321559991804,-0.03282634373947977,0.4684135985428744,0.9216021539447538,-0.0511860156142148,0.6022167047144663,-0.09410374656803261,0.8230902528301871,0.11339502281884056,0.9341614301979946,0.01700421996746598,0.2133593425016521,0.6907607204549668,0.8034088201912548,0.07297640863024073,0.21039849199772648,0.9491340165686786,0.8943011276028422,0.7970518072753185,0.48479557575680443,-0.2887702772001271,0.1666092764045666,0.8346455119078545,0.8476114344687052,0.8497165030168765,0.905539319800913,0.6027892548652419,-0.035828020571701986,0.8198666015273198,-0.23001738750173387,0.6376664445863436,0.9234698371746966,0.9370101987698797,0.9538200925002334,0.6340636353820859,0.29822532826510334,0.7509230757777625,0.8632822640087146,0.1897048184065988,0.8423924870972993,0.048777758867851496,0.904391348567928,-0.0840794596360946,0.5331068382473053,0.045298900627330274,0.9261212127058382,0.4482681728710951,0.25239496952833873,0.2783500025499738,0.34148485531213835,-0.06971313050392866,-0.28847551557027035,0.11608918502609974,0.5580060145562582,0.6777582739635789,0.9638604483356287,0.3876932345232161,0.9637312492116735,0.9602550714523153,0.9200853126091136,1.0,0.8555713821815161,0.8191850311206117,0.9218282294999717,0.6211926713823127,0.9638957038904153,0.6394555704940592,0.6741410265226555,0.88881315396693,0.6649741423721859,0.6154399642195372,0.9072539765176544,0.27860032981305366,0.945237397860351,0.7339822680994261,0.7002392510965076,0.9227108194757282,0.4382947641464097,0.40180024197887465,0.900108142212059,0.945085323442687,0.9225742225591023,0.930289395596955,0.9146475744841522,0.9306844712378346,0.9352414744521943,0.5944823246813009,0.908506893669153,0.6775248926406502,-0.12575766482467834,0.3964011974034202,0.7710021829511999,0.802029335474775,0.9469789819497572,0.7527453331400618
6216,0.10829770818175243,-0.12959428306564824,0.536326215347603,0.9221310637416851,0.923470973764523,0.9090486550709335,0.8771178117111056,0.9364553413973843,0.8861241995530156,0.8348923188984881,0.8949465087669025,0.9300176406612566,0.1516444169918402,0.9204423370187897,0.37252917190065027,0.9201544637795812,0.7865067902148744,0.8782050261985817,0.8921002686251447,0.8989922028249849,0.13664167805178193,-0.1236353857271535,,-0.13764449172406235,0.5852305188699706,-0.0970593324061572,0.529966713654334,0.5597498444029528,0.8708328441838921,0.9206433394420795,0.9171155914881168,0.8581127386056508,0.09776634880700082,0.7668291790059542,0.45241488565183546,,0.3832910284834879,0.6249641562842027,0.4281939942209242,0.932688121439162,,0.5658205486334009,0.7102056844810488,0.17661628781638006,-0.21289399019540386,0.1954138685935058,0.06319894150865944,0.6244266237084392,0.08113384416931016,,-0.23762533886100534,,0.4394907738577788,0.6504787788089665,0.4751406335204593,,0.3118244108492424,-0.052322459295717515,0.692979722838948,0.5456999248262302,,0.2551705936211708,0.36003050990646296,0.03272329804707428,0.10684547039598444,0.8656538980835586,0.8421229790551858,0.8295952137106355,0.38311998116761753,,0.19630232737807868,0.02877711405298497,0.24364923315995762,0.7764130242169606,0.7199445355905177,0.8778200572219719,0.9355762765713712,0.7907882041379144,0.41923495961424634,0.8910890194321762,0.8136631153476768,0.9079026633833033,0.4006865902061864,0.8310831181594094,0.832632826783407,0.851665467852839,0.7580737076028884,0.5632360921472455,0.8689218827931307,0.8520822659690405,0.8330135173724127,0.5006536125745957,0.2702138260129031,0.8683781510868704,0.04996473217463811,0.44497838780019744,0.2036905737372643,0.45126907077214573,0.8607853603635002,-0.046296639353254926,0.7030145324721139,-0.1409911533452775,0.7017369585111806,0.04791509947640562,0.8974874731154047,0.30233301602638785,0.13393166916703947,0.650639715346351,0.9284663467816179,0.4307320924933275,0.09579675689298321,0.8131526785065937,0.8606165322802114,0.7670054410201387,0.6557142509069945,-0.1426847969860991,0.13709196141442556,0.7397880163120191,0.6381280587904046,0.8466767094089007,0.8739169103578287,0.49146944757976,0.11893322372052528,0.9195971662120795,-0.3583869947631965,0.3426562257675454,0.8869966510454845,0.8249816115562367,0.884486836530977,0.5110531621268657,0.39645233506513844,0.8513938211026952,0.9420771774558034,0.13342109184780493,0.7783861804420809,0.08369030487869643,0.8406513275662436,0.1516444169918402,0.7532753456386193,0.32515860181469763,0.884698487938607,0.2657127130499881,0.3798556644050886,0.5034218874731871,0.4406364891551777,0.05800771533986302,-0.1707095324722083,0.2601533137786253,0.4860532665529544,0.8174492916184322,0.8815761712342034,0.4154077385064585,0.9032942832299705,0.908798474773401,0.9119435024299005,0.8555713821815161,1.0,0.8362537598873139,0.8974219827010673,0.7357895762865333,0.9116265258363891,0.7749375813217039,0.8378873382667377,0.8561501796394018,0.823972789708278,0.8042054143039941,0.826642772676605,0.4375089402543815,0.873583246235339,0.507255118403352,0.6647960923251647,0.8094380110641308,0.7180291728134831,0.5270795271636991,0.9016966088971667,0.8648155493043627,0.8613124503501203,0.9116594254598407,0.8335804007997449,0.8707870391090321,0.8959758557610271,0.5362104017975385,0.840788110301971,0.7797026658334446,0.037361194010849516,0.4084848723638289,0.869681532491661,0.8005227547333694,0.8641274350721537,0.5900493033959044
6219,0.1487612225638058,-0.13474731191870004,0.42241940599890204,0.8789065191637699,0.8465556929445348,0.8375908270968425,0.8398796808458512,0.8926453625620823,0.8527117396344913,0.7409739880406733,0.8567175935602198,0.8749611781939147,-0.029538027514569767,0.8977803056999777,0.2995317718038574,0.8819813375937522,0.8102388999336853,0.8632189972291271,0.8728670108202876,0.8696140954799412,0.19278839131303563,-0.14593343004274062,,-0.14193348432844544,0.49283776653928457,-0.141005362405794,0.4219193638510659,0.5177897605017612,0.8252915007424892,0.8872801527026435,0.874336468146904,0.8351131684532404,0.15208827795020316,0.7758116922980124,0.3587906061843779,,0.3495753376703282,0.5948266692200832,0.4598647135870012,0.8958598482710559,,0.5713332345304154,0.694232935686668,0.08420829628070756,-0.1930433498522765,0.09666349231384457,0.17000763117380183,0.6088709462411309,0.027407833547339232,,-0.1954024185615328,,0.4190765287816877,0.5472124733792001,0.4463946835223552,,0.2847668304099216,-0.1276504119024254,0.5768394862731006,0.42683496983951963,,0.2708938631562196,0.3476458751547969,0.04614061263980445,0.052075200004008025,0.7978129875443912,0.7898908985514055,0.7336796244810807,0.3063970655637065,,0.25997918996443736,0.013666147336903208,0.1114926703004561,0.7930568578973656,0.6757049385397087,0.8265311170232297,0.8672647323264727,0.774944264725469,0.44110467592278546,0.8651260156988458,0.7735869418553856,0.8647701720122636,0.40453959428781855,0.7865169446803711,0.7856856036482751,0.8127107674544087,0.7294434095059541,0.531693176476246,0.8596620900825058,0.7951507157443919,0.7774051993177041,0.5302589848182663,0.30483648791626355,0.8357385490799245,0.07959040030371188,0.37912023601293987,0.1940790672441709,0.4371625369234947,0.8497990956650165,0.00041275150031219753,0.6394173618277543,-0.14817682951251954,0.6693782621787918,0.14263757579543862,0.8807816911270818,0.25071737463940713,0.20451066664632278,0.6141098092672252,0.8175779433401699,0.31624459476442435,0.15847915821373426,0.7709874502117864,0.8498520852653849,0.6926186129228632,0.5375779772666787,-0.2687854629081236,0.062407740794423294,0.7782018915960449,0.5884404196969379,0.8054674772280556,0.7892255497560016,0.4439819587262527,-0.055326446989971925,0.8454453327155169,-0.3082045331357523,0.3422560884740744,0.8560162198414727,0.8190154345000701,0.8453137228734713,0.546372124079397,0.32622404050370213,0.7723539888704426,0.8522355686956008,0.09703377589114388,0.7047663344166052,0.06194088061645082,0.7694150721099757,-0.029538027514569767,0.641375212912442,0.24311228179189928,0.8832517379271517,0.33344267164365854,0.27329934976153525,0.4428492588883517,0.4643029758622003,-0.007855760114046725,-0.26898439854135314,0.17606457108084408,0.41963727721618777,0.7141440146649276,0.8631424009310465,0.3567099389560323,0.8672318557812755,0.8781343320858468,0.8707521387098387,0.8191850311206117,0.8362537598873139,1.0,0.8683133627998094,0.6679393135562065,0.8710091918045607,0.7516611128746635,0.8008607324285226,0.8272608054210475,0.7788561176288916,0.7554321680070919,0.814606601287064,0.27242057127980157,0.8545107495217743,0.6009924902269198,0.6464395179446467,0.7720009838804986,0.652977288345208,0.5143995655959743,0.8746676117893777,0.8606455394901716,0.8489419473514543,0.8819239869495274,0.8286812365927525,0.864593468845125,0.8779577840603787,0.4555892874406462,0.8319205562594818,0.7838185757820013,-0.017364099264296842,0.480759694453693,0.8415497844493567,0.7712597182989708,0.8339887143900214,0.5899610601605886
6221,0.3026177583692838,-0.3148736243021406,0.41427099069292167,0.897393378524245,0.8861881661295304,0.8490101523425605,0.9307392652013946,0.956682978656167,0.963931039349533,0.7804833988566098,0.928362839709858,0.9568684782286447,-0.16772968346304196,0.9638867620067028,0.3104094366515762,0.9880046693887686,0.9019913604502315,0.9714817135635263,0.9680777151515584,0.9395880973416931,0.34141983691078825,-0.12461954763801916,,-0.3159628367600378,0.44840393372014886,-0.08120717552329258,0.36057208185169914,0.46999473817916915,0.8921242804523111,0.9144724675176191,0.9077731807423041,0.9400108494540192,0.09157715598977564,0.8633994605305075,0.30278994808437043,,0.39469736586449705,0.7098548177254643,0.5311042486148005,0.9623555111363303,,0.49095270001427216,0.6747181413694431,0.043683298898609405,-0.37652362405879575,0.04697587270858664,0.13130692790762355,0.5777685262259391,0.14273204237879344,,-0.1886711613730418,,0.5342607272464617,0.5586694500268633,0.43947252619354155,,0.2821330330410839,-0.193335179835818,0.5390761338193462,0.4387415606730259,,0.34398267967218155,0.45360065510129605,0.002454982434186689,-0.08749106412465352,0.7969499046624756,0.7916626161905542,0.8617971660588807,0.2752396628877184,,0.10797834199209824,-0.016943538644498563,0.16692621890664566,0.8209754198858302,0.6243515565729149,0.8850079210911159,0.9433032494374985,0.8047862300170494,0.3328598976216938,0.9169536547865276,0.887602274328594,0.9614833807765496,0.5453919544553633,0.8961046952560906,0.9164983838690022,0.8981974761934232,0.810376862639545,0.6530015027745126,0.9359533835598958,0.8960484142746771,0.8682369547927242,0.4266123825562651,0.3589153238212601,0.950000331315851,0.1434444917731251,0.4188168943007362,0.12197318203272925,0.525844088179956,0.9266545851391919,-0.05771008198930089,0.6639765390734549,-0.11075225573408329,0.7129403867851831,0.07899068663683949,0.9754389793345806,0.08665165199520965,0.19785611574077133,0.6474613045323007,0.8518359615344535,0.22777986962064922,0.14420516529659627,0.8686247119234262,0.9263541253348718,0.7714916701095412,0.49550522683812775,-0.3446311647761492,0.006269336996991204,0.9286444129019102,0.7214435135682227,0.9215602442813308,0.8375080804081143,0.49069597849022234,-0.19035346091589783,0.8326486647809832,-0.34790162360900134,0.45039225998609084,0.918145351666444,0.9155710217838212,0.9357423711640919,0.5412029887499432,0.24017718070811106,0.7906980133446665,0.906494104654105,0.1431666802347193,0.7501662749741547,0.05155389721527128,0.844747910176628,-0.16772968346304196,0.6282098162977673,0.12818325234886183,0.9697098020799325,0.33137295351736823,0.35184237623724357,0.3810692488320298,0.3943254016873685,-0.03066018745512005,-0.38329069777467556,0.1381091419334562,0.544733421255601,0.7390257780619748,0.9717078040354638,0.3626293768878527,0.9827971515676309,0.9678562428494984,0.9882151528541224,0.9218282294999717,0.8974219827010673,0.8683133627998094,1.0,0.738156466029653,0.9791626217113073,0.864516646225696,0.8704812701637545,0.9534359249604399,0.7996938080464635,0.7840021802807795,0.9075566018149599,0.252514192558545,0.9678644889804409,0.6335588881465928,0.6385421324212531,0.8987235819249255,0.6235173892674268,0.5632258561530343,0.9349569542680933,0.9746471324284153,0.9123382319670194,0.9694707429504573,0.8975808726651838,0.967297756847633,0.9787687286958144,0.5058013134091264,0.9403236259508192,0.7888546681132487,-0.07450062122100365,0.4215060292726031,0.9003337687802184,0.8778591354700293,0.9363185857642119,0.7208289321185083
6222,0.0422749987810703,-0.10307544568579201,0.4576000215841201,0.7629668415397971,0.7727022600290726,0.7069682304365869,0.6486665888776588,0.7403912712355241,0.6865580009055009,0.5690055462983116,0.7002943192309316,0.746613715856751,0.07693933980543194,0.7504485106899961,0.317625326466186,0.7291225451426203,0.6068904877410461,0.6862693868078434,0.6875981139912848,0.793329703181388,0.08579845425771085,-0.23712339055698298,,-0.10118841567379185,0.49836454816660347,-0.09272706840583193,0.45633832804329744,0.4847511702285652,0.7266882833809356,0.7564863294266305,0.7474443604887313,0.6510823925668033,0.16696643675697367,0.5595650588077578,0.3292647320651072,,0.2126910633268858,0.38652388465197907,0.39173887598882823,0.757779044369484,,0.42140660293285265,0.6095559023365572,0.25958802211907483,-0.1800560055464942,0.1540740940147472,0.05801433655247096,0.5750595311033296,0.059298745209800434,,-0.243601382331092,,0.19196608503645363,0.4624156537855646,0.4330304079368643,,0.05643720977048598,-0.10187787025668299,0.6464664294497903,0.5052763564639021,,0.11457348291902379,0.23256488854040533,0.137475307292967,0.04283967669595644,0.7163861364477816,0.6246867264841456,0.6197250810753006,0.36936286660371953,,0.11823807958564785,0.043053130782538244,0.2916136852852248,0.6046616735696481,0.5900577494118772,0.6440000474266923,0.7242244577036341,0.5141064118873405,0.19626843183101986,0.6801469152567238,0.590381824367179,0.7059049813433346,0.17733382712296222,0.6050962813850165,0.6496504670670604,0.6082371961406797,0.5334297495665196,0.3190034145479856,0.6576054377319484,0.6236354932492356,0.5909095895858609,0.3881542837360015,0.18392265105443034,0.6996194436977561,0.04131417010693827,0.4856929574690423,0.2872850589140062,0.38968039468022,0.6904673283949051,-0.02883517053698296,0.7004348546017373,-0.1366162775515872,0.5022137856104659,0.0846762176864661,0.7235606563080208,0.25354060653057303,0.14442713003448543,0.4205947590212879,0.7264158003794315,0.4725913586402593,-0.0030131674281923047,0.5720725221838697,0.7177483866160671,0.5874570642437157,0.5631144881134947,-0.17113747006433797,0.012746090473875026,0.6341874791131754,0.4088589678596376,0.6913927777683242,0.6135809479198732,0.30927853230827124,-0.044841721256482815,0.7100259882379844,-0.35648202483852887,0.15148532384126276,0.7098319485594893,0.6059692296718943,0.6683020225733379,0.3958600607758359,0.24148289603411305,0.6933559575154945,0.7692825296426897,0.14957890172186095,0.5587841073614669,0.1312587857116111,0.6083014797640769,0.07693933980543194,0.6650167460628983,0.31862154905530105,0.7240667615028854,0.18556155754493123,0.3681007046209948,0.4611653984880162,0.40662497850487717,0.07107405426875357,-0.2042494531574116,0.2230090821121211,0.35354003413474405,0.6841272091694274,0.6826318562891776,0.33715785501541234,0.7020486108790803,0.709272542241658,0.7469604225520701,0.6211926713823127,0.7357895762865333,0.6679393135562065,0.738156466029653,1.0,0.7134113898280622,0.7311150745150131,0.7711192318207031,0.6895639669154836,0.723541113092717,0.7376341438820174,0.6609927753254051,0.2900045308874988,0.6992109813031857,0.3800066271414916,0.5100457142623246,0.6027143949764624,0.6964673289828812,0.5281540610359098,0.7310597122500717,0.6914223282140465,0.6498354119581724,0.7363651916072543,0.6029575612723587,0.6852304896135325,0.7171552962186147,0.3642057288217365,0.6675733902381333,0.6564227624243053,0.11536124605013977,0.3098463626257924,0.7956534163013759,0.7234586469281702,0.64922895471199,0.3953928639335061
6223,0.295298968490807,-0.2964553790113314,0.3816516237619341,0.9016163971920887,0.8765180841789223,0.8744747095113078,0.9658335269589877,0.9683873178304665,0.9780836722741798,0.8471203601209158,0.9529220821282797,0.9641050644459493,-0.11125520979926234,0.9723595093239193,0.2980429449233504,0.9945573829915014,0.9259761911499577,0.9814103772743435,0.9852832167290702,0.9099015581626935,0.3202531443848716,-0.06461735247364869,,-0.29912726860944516,0.4084285858571565,-0.056518412763377504,0.36761238536141594,0.46613247755776416,0.8819385295270166,0.9186345220175322,0.9223893780481413,0.9609048264017297,0.09151094224381541,0.9024467752218722,0.3391007515399107,,0.45341262008157185,0.7872801035946497,0.5189120833172453,0.9629226443987617,,0.5148288661522648,0.6461328412378632,0.029009201607052604,-0.33138515408209557,0.05089829980903568,0.12275075296201278,0.5569060754678653,0.10955018697809331,,-0.1807852649451148,,0.5834216467050434,0.599915735231286,0.42677783421542825,,0.39758771150172295,-0.17718029296348234,0.49910714420794267,0.40714014525924624,,0.37604774410738395,0.43482180699639167,-0.023984075583668867,-0.03409249544576085,0.8062312858370595,0.8311366158419685,0.8846091417147408,0.23320199301344172,,0.10864914536997804,-0.03892882180957364,0.15855789596785086,0.8515169043142143,0.653104146159532,0.9399553231200136,0.9639680941224018,0.8645116333358972,0.40399821661424273,0.9338770688815734,0.9172611169137158,0.977764538092343,0.6017304729416862,0.9400542829932623,0.9224012076033206,0.9481888493918008,0.8725701779117837,0.7165851002835525,0.9600275312097889,0.9382681835291969,0.9282921104778845,0.4443090541380567,0.3736752618481199,0.9508231034280145,0.11608646350080633,0.3418166325746143,0.0677771025032791,0.5231464717182924,0.9418410568715462,-0.08705901078019518,0.6676645898497104,-0.11126669745908829,0.7718782116713488,0.08413482799489035,0.9760446558876319,0.08556603229572456,0.1889181011253221,0.6938206770541387,0.8637091086410983,0.18655485664195232,0.16963750507646433,0.9212280548284758,0.9340500314007575,0.7916702037496666,0.5241501738156791,-0.31949625932478865,0.07795352567973628,0.8849605550043558,0.7732326767895479,0.9083383520212597,0.8971497135221388,0.5329665497394568,-0.09461498851773174,0.8654348767286607,-0.3111047121583575,0.5201232549193734,0.939903429210508,0.9367912904427858,0.9655697237955776,0.5865982847084871,0.2732308233462683,0.8149573317333786,0.9156186174652305,0.15047724955696165,0.8020681938016734,0.05624244096081699,0.8826060287622003,-0.11125520979926234,0.6036936090331885,0.13598310824661278,0.9712972651432444,0.37330041601205693,0.31606863882081054,0.3651049629931783,0.4033885258243282,-0.04951846815786145,-0.3304684297541362,0.15164525576037852,0.550317701143793,0.7392023143390234,0.98551131945687,0.38450808842475437,0.9948699415739901,0.9883603920415345,0.9772474902856014,0.9638957038904153,0.9116265258363891,0.8710091918045607,0.9791626217113073,0.7134113898280622,1.0,0.7818329913004406,0.8114878222592252,0.9452258459480039,0.7715770729159371,0.7411216507203618,0.9195791938255365,0.31727786595256996,0.9770992053877645,0.6632413835759553,0.6678970500679966,0.9227994991540363,0.5823504190432586,0.5190220032349295,0.9479531828199282,0.977490730179877,0.9379846422743315,0.972466314737721,0.9226314397645532,0.9679118847072373,0.9812288248710855,0.5557511127064385,0.9399609895124106,0.7613413961918916,-0.1134506884085661,0.41407046289081734,0.860416970981829,0.8502085008076268,0.9578607853036704,0.7205969374713196
6231,0.13548337464379617,-0.18987322554122688,0.5391736857252971,0.820233313536626,0.8387280616325536,0.7141451527414745,0.6729279737144757,0.8091577457990238,0.7506069170718564,0.4953575026819116,0.7223688827762195,0.8092275579919077,-0.13597130986047906,0.8177616638055096,0.38973572494697256,0.8167947475648083,0.6390696079257671,0.7715058577203018,0.7622197684355096,0.8917586547057937,0.20979563340247034,-0.31724988110254737,,-0.18715796385081004,0.5900128308434524,-0.15147570715384043,0.44386758837468787,0.5334041150654864,0.8201196555330005,0.8222298075281367,0.7733404847789236,0.7152923414422822,0.11858567405427103,0.5612333320818598,0.22111948699027986,,0.17644912029639329,0.3250976407026042,0.44790481648327524,0.8273741249216464,,0.4479033724607534,0.7405706562226695,0.15454344547080504,-0.37822959481485,0.19011441656783387,0.1471172751057052,0.6317676546534906,0.16234089162901236,,-0.24868936954248258,,0.22598629942485587,0.3919507745489181,0.4340416302022049,,-0.1214817541137377,-0.13782213033064172,0.7087724147892172,0.5370006091613544,,0.09422378892056026,0.38345333240785734,0.13398106987813965,-0.12999925696349418,0.7386300040872752,0.6048818090964376,0.664824786877906,0.4613943877217157,,0.09040203890050469,0.015283698904905448,0.2137202645296002,0.6126858125986626,0.5673722764317094,0.6138159103671879,0.7587444847154838,0.4938785489072628,0.12557179274895622,0.7442445086554782,0.63612491761387,0.7625238938733174,0.1614843643726377,0.5922304511299196,0.7147994083978279,0.5970871356208861,0.46620882691072707,0.2768052839107802,0.7287701004372494,0.6143325556750616,0.5458253196553338,0.3965852269281728,0.24053683303541276,0.8145164485189591,0.15415053982392432,0.6279067549757749,0.34974481859182477,0.5133863855611447,0.73452615982585,0.012695979051001248,0.6533210549377226,-0.09694231259034272,0.4290849404241934,0.0957059059409105,0.8223240675587918,0.21282438623607428,0.16714244109252988,0.4490954786495687,0.7672461239929838,0.46505510793572763,0.049517029573704734,0.5726724946380183,0.7532742097575135,0.6015593308175539,0.467192502662182,-0.31520604798563645,-0.14833617650352807,0.8176358470196584,0.38108843861028996,0.8082389260682609,0.5760850783369065,0.28684556594058297,-0.28187192328167016,0.6935582924939379,-0.4120007679407343,0.08950229881988749,0.7207390385329514,0.6922412757105171,0.7158703428614582,0.30229468789891784,0.1671455863084591,0.7023345127702463,0.7968450302911665,0.05484865283657984,0.5071284364883651,0.04885963839401305,0.6062064031426082,-0.13597130986047906,0.6594862824384737,0.2952799292257457,0.813044300338827,0.03833269619764213,0.4514231555665749,0.49300077704159534,0.42756708522430054,0.12166413909747185,-0.3124754505689372,0.24592311648385293,0.399755304042346,0.7339069644683487,0.7575557393479032,0.2863658937794718,0.782474904283742,0.7598224751895576,0.8639502530890958,0.6394555704940592,0.7749375813217039,0.7516611128746635,0.864516646225696,0.7311150745150131,0.7818329913004406,1.0,0.964790692192905,0.7990966190830594,0.8248152333731036,0.8879678938559121,0.7106087793274531,0.20736113624237135,0.7719780785062892,0.36768753616933714,0.4588236591593626,0.6591260843746138,0.7771349057821877,0.623304483959299,0.7922927925467343,0.7848740050923103,0.7132213000847564,0.8068752155554302,0.6762175652353842,0.7890991936427688,0.81568402173563,0.2995490836932979,0.7480218220207598,0.7890113006867293,0.025590609301330523,0.3845255229451218,0.8981871223088687,0.7819091615905457,0.7107479466401199,0.5083319860810068
6233,0.006278078614877242,-0.12666889838591444,0.5649650784019817,0.9007653848949995,0.8958632778244596,0.8123208834019668,0.7049841939823895,0.8544716863946531,0.763841831666601,0.5622027665277518,0.7564627196751471,0.8405355468027637,-0.014185349942409763,0.8577230144713018,0.3904602624420352,0.8454644209174442,0.6480481972702565,0.786907775134504,0.7913955877076042,0.9294603919857155,0.07287088928782294,-0.30957157533391577,,-0.12593522952085645,0.6265392170144468,-0.15274978773021344,0.5742055164243568,0.6129851818478048,0.8524939665336579,0.8952958699859047,0.8451244257254836,0.7336531517544278,0.13443483041963894,0.5863493645975736,0.3534830337069097,,0.19632774976259915,0.35245924816847674,0.4288802140657066,0.8707710566101117,,0.5196207563021165,0.7969246094571326,0.23197198144610598,-0.27534344639858105,0.2604680113487373,0.12401164876941381,0.6862302231926782,0.124835067995903,,-0.2575722034018687,,0.2135741042578792,0.46911104556965866,0.45244687006682804,,-0.046563661284633386,-0.06813750330431607,0.7847715604942747,0.5977173261830458,,0.08221950553364304,0.3281807907284369,0.15016937041955192,-0.014668238352721363,0.841466390110705,0.70358479046956,0.7103578890638956,0.4912278269309343,,0.14394185461604558,0.04611278117721824,0.2015542092249404,0.6506253381228504,0.6857492579903727,0.6761202045536419,0.8038745904099114,0.552550579494789,0.23707825699426724,0.7871708131594232,0.6352009689116868,0.7935267404485299,0.12776406147636113,0.6215941001710307,0.6975938836820197,0.6370596131199304,0.5067605570815191,0.263594585844469,0.7681871486426556,0.6473954078258766,0.5965606104981017,0.47533539912302913,0.17633364196131715,0.8247918875087862,0.0715081877319892,0.6104659858925194,0.40354881223799893,0.496698919588231,0.7721100728400055,-0.014957016499746097,0.7441925858386942,-0.1266992296256472,0.4813499250906451,0.095834193655137,0.8425784529095773,0.29342874184302015,0.11323030504770235,0.4825173186198796,0.8396426666945139,0.5643401347127626,0.08580915428660259,0.6162689769599051,0.7980408210450017,0.6130728451270427,0.5986780243861805,-0.2613133995822435,-0.09876393295679153,0.7661269326957058,0.3682340144009444,0.8002948827484022,0.6409638765625834,0.2902216552303626,-0.14410758000871615,0.7971129179776008,-0.4500981965789462,0.05578074556627914,0.7537998124279436,0.7071536529016008,0.7503543853554463,0.3582729664583535,0.27336910799463476,0.8128366433351467,0.8507139126540144,0.03249160244761226,0.5385618357166416,0.06743521580720939,0.6414464505752178,-0.014185349942409763,0.7383792048055376,0.39706060972863644,0.8337664239234218,0.05453120816279273,0.45315140603251536,0.55547320439804,0.49696138566870157,0.10980067998510844,-0.2543375387092182,0.28846742960050475,0.38583132218710064,0.7833757712222927,0.7768453244719208,0.3646827638661498,0.8066193502154456,0.8031803103439257,0.8818910181947189,0.6741410265226555,0.8378873382667377,0.8008607324285226,0.8704812701637545,0.7711192318207031,0.8114878222592252,0.964790692192905,1.0,0.8152428902914953,0.8917104173467383,0.9305087266324755,0.7219937739101225,0.2998893205793703,0.7911894115507792,0.35505676531576746,0.5079146712240359,0.6662727907429968,0.861768410126428,0.648578283657315,0.8462885517178528,0.7938299231036379,0.7549092610402445,0.8392621512495104,0.7038496692395003,0.7989161760823325,0.8387533077544123,0.32685714238569125,0.7685045311219626,0.827506402560431,0.04999861410725794,0.41977850328851884,0.9390375762117665,0.7911266072141444,0.7404803002306914,0.44212341656009796
6241,0.28856016099263176,-0.31176043704307366,0.34070271555290893,0.8512487522776846,0.8339105764339465,0.8073394380554232,0.9062466868031701,0.909513411709458,0.9283806730494064,0.7708137893985144,0.8859580112182273,0.9063124554828508,-0.189192403548714,0.9244997692748879,0.21344597925461598,0.9446621912440677,0.876938951535613,0.9445920125514574,0.9403545822814803,0.8744313428585374,0.31392613158755756,-0.08082685635753174,,-0.3137998801864811,0.3641643912366564,-0.08501471338353468,0.3123226959623031,0.4145865459509704,0.8428382601153385,0.871407662787,0.8647867932053805,0.915053296811435,0.0871878325733171,0.8454621790276158,0.34040480130443274,,0.4183656343571973,0.7041719890922414,0.5406756949886112,0.9213844265107793,,0.4814233929812261,0.6322151126793413,0.039099676231264924,-0.40360262200720176,-0.039173287453861574,0.12591701955757637,0.5155488505739273,0.0895362171622263,,-0.170177539676357,,0.5880331098990487,0.4918777197014238,0.3789400754037461,,0.3607267746061977,-0.22823517275409574,0.47376516372974975,0.37741480081553236,,0.3652141641484539,0.4494615323576211,-0.019116684302788158,-0.07111068241608971,0.7458460679801018,0.777311534859637,0.818873575150826,0.2208635217814277,,0.04391166764096714,-0.07708669484196441,0.13961803001279963,0.7817559236255841,0.5570390164634211,0.8724097983138852,0.9013418154732891,0.7844685477658933,0.32693334449748584,0.8848847320996693,0.8479542273265719,0.9275053098811099,0.5536181911981101,0.8852067589338332,0.8790118079395904,0.8820323016421407,0.810689542319643,0.6613300805706935,0.9057552995984773,0.8858330805117635,0.8638824560740359,0.4029964404691534,0.2999612508964465,0.8990353370956038,0.10623144421616185,0.37159175468544353,0.08606469241815967,0.5317150160894885,0.8932121936262041,-0.1257664151806893,0.6264901151688045,-0.11491289494835694,0.7013513845641909,0.06131906756113148,0.9234624709871281,0.0488597191207883,0.15183585249058093,0.6441649636592149,0.7934605831104968,0.1456410887238209,0.17070880509853079,0.8478575140926383,0.8952198388478961,0.7376694413766901,0.4274895572043448,-0.349770510918669,-0.041407747869186884,0.890159415166303,0.7165617563131282,0.8831281326508976,0.8194328238905618,0.4526122656108367,-0.16336219474609673,0.8041688400588682,-0.2711256133306142,0.46157369490591127,0.8750757530081823,0.8779948325677867,0.8998294439053952,0.5330210205246051,0.1910504608946828,0.7414712312950013,0.8562029797572204,0.10391296394628324,0.7149654422992584,0.06502822853119355,0.8183095072283637,-0.189192403548714,0.5405638147585208,0.09974485902879777,0.9348079570656166,0.33997190561643204,0.25549168631983143,0.3261617893449754,0.35098919202988793,-0.12248461393415565,-0.3914630074767009,0.08159375736024031,0.5041503425668955,0.6544519922725704,0.9455049205475862,0.3775607628517223,0.9424944746526116,0.9335312825178298,0.9418758636429307,0.88881315396693,0.8561501796394018,0.8272608054210475,0.9534359249604399,0.6895639669154836,0.9452258459480039,0.7990966190830594,0.8152428902914953,1.0,0.7756329122119683,0.6977448221574635,0.8636015231111048,0.2932785349038452,0.9398794849111037,0.590140879245493,0.5989884133283774,0.8721317220881455,0.5803768419521298,0.5853566771601354,0.9006304045117237,0.939524608503761,0.8857938336952449,0.9304870125643873,0.879781684465785,0.9299613501178727,0.9439248685450575,0.4776455371084636,0.9332067823392474,0.7011972895055324,-0.13472775990971678,0.3716194224161364,0.8281450932999086,0.8212160818211716,0.9153641327290908,0.689637068824931
6242,-0.05520084463734382,-0.07688352161222035,0.5415452295944536,0.880332789794373,0.8609569051355104,0.8244569541327467,0.6883188396746426,0.8150681773000238,0.7240727769403061,0.5866652295920322,0.7246933617485067,0.7889314667480049,0.08828188828252058,0.8130640316504907,0.25877746334056845,0.7960264397490406,0.6127325518202011,0.7378459071757232,0.7535725812379033,0.851925410814195,-0.007364638572277572,-0.24720018145963873,,-0.07989394303834994,0.5980095406973256,-0.12270028599357254,0.6195073848294554,0.6212170341968015,0.820328249370774,0.8691569161700855,0.8256226460420645,0.7067448956067225,0.15338617714715613,0.5884017482814313,0.35283579099555756,,0.200969591299556,0.37745776185465907,0.3933921735423505,0.8344949295262508,,0.5333064758685032,0.7065963549789426,0.25415060424967617,-0.19672391634990483,0.27879888666782693,0.09851620556490477,0.6406587903642209,0.03938654291813098,,-0.24217414951570362,,0.25897803153272436,0.48441367599055535,0.45151101506354163,,0.10271623813201984,-0.03198627759054041,0.7544733134277468,0.517023246519794,,0.11479780654088068,0.28989103110319425,0.14312910723526934,0.11773211280851326,0.8406880847895841,0.743927717256822,0.6762515123499415,0.46611738112240864,,0.17350250861505692,0.0010896736156959254,0.21667407600259364,0.6143133997377882,0.6453198696249485,0.6856687811120007,0.7776941046813697,0.5908627564326248,0.3006703652246437,0.7750505909959984,0.5971493159361403,0.7606269102184194,0.12518226686720602,0.6182597482554483,0.6299658302458554,0.6439151542949777,0.5418649361769766,0.27850614158933606,0.7371466016415406,0.6534240498356867,0.6214773908507614,0.5058176525332393,0.11791731539154834,0.7562798602235665,-0.0018228608136847152,0.5010553264402561,0.37512053275479473,0.4588351534263505,0.7312340634917746,-0.023498447828461312,0.7392949085346492,-0.14070963551718252,0.48267574107672034,0.013341464040802524,0.77317229015333,0.375289981462668,0.0294764118792426,0.47757646618796434,0.8334562450522014,0.5490696513481198,0.13950266169970474,0.6219436048810335,0.7607012464325419,0.5755329516769276,0.64481988620066,-0.18414218756493989,-0.01616916386755533,0.6613040716327495,0.345952154049033,0.7201103629520792,0.6524959168282454,0.2965185046804588,0.009770462422126152,0.8033516938019488,-0.39993703087619925,0.043340873499296474,0.7314762712143661,0.6535550028693528,0.72444477213587,0.3843472269346482,0.34154005577422997,0.799949268423172,0.8073392415155535,0.014686555198449632,0.5445839525561449,0.053801642161089853,0.6354105050857222,0.08828188828252058,0.6765071116451596,0.4129285609201938,0.7732879629258244,0.1537017933014961,0.3979613372410246,0.5014149221794173,0.45901242689309063,-0.012915558900854884,-0.24267475438843397,0.2108886498554389,0.3683453070289037,0.7097181039335982,0.73413186591703,0.4026859675772091,0.763239819801669,0.7722516998876475,0.8204935847463524,0.6649741423721859,0.823972789708278,0.7788561176288916,0.7996938080464635,0.723541113092717,0.7715770729159371,0.8248152333731036,0.8917104173467383,0.7756329122119683,1.0,0.8244698362303496,0.6894406172971281,0.38546151900553316,0.7397097319673709,0.32060595553863375,0.4896830072947733,0.6280373543392145,0.8409597329793725,0.6069186203336541,0.8121360640702819,0.7309385111486614,0.7238682212462911,0.7997426064377057,0.6758071703310387,0.7419994151759793,0.7886395516560667,0.35145190878078847,0.7307666359606907,0.7413777918243433,0.05703425070016672,0.373483942560003,0.8553880697103,0.6969612105914776,0.707657555123415,0.3870575357760695
6244,-0.10359407784028449,-0.026831191044225634,0.6358073321066169,0.8920311743677938,0.8810523424264978,0.818321764927591,0.6428418090068645,0.8227014968088833,0.6916914506333905,0.5534182082564009,0.7260653862293409,0.8067005358383967,0.12574555132421245,0.8110258888618289,0.6162930696850265,0.7833072086317162,0.5675550328389436,0.7014149257157137,0.7179922229196014,0.8932553966597752,-0.03496630655852667,-0.325357772722612,,-0.029325095253922566,0.70174883336796,-0.12417131242405773,0.6430964915710182,0.6450233462862051,0.8262817668230539,0.8766605920821681,0.8266526085299961,0.6635204405894798,0.10382544879132975,0.505753539818987,0.3688886518839612,,0.14734103743923144,0.29145247717390155,0.3103431557592715,0.8223058453808894,,0.5752566409245128,0.824073451340242,0.28855040401900767,-0.12835404708832576,0.39743795519383,0.16710397012752107,0.7305406373486992,0.0944832811372113,,-0.24842784835410434,,0.054562143490857695,0.4997178179933558,0.4485683015060291,,-0.12877703988856246,0.030103285911887854,0.8352218651479109,0.6251013341226127,,0.010948928068516146,0.2422334254409519,0.26780726176066394,0.0577387764323437,0.8646334872180277,0.6848994960607281,0.657207958541169,0.5968408069079969,,0.22059025779793928,0.10560250616366755,0.16762321649272402,0.6549023092096367,0.7586858222601403,0.6406548552036637,0.7715791345199382,0.5200641296996842,0.24900806660481964,0.7386788334215167,0.5736999578645094,0.7270563752281122,0.05560764570688708,0.5323617666103283,0.6173159624310167,0.5701286639292401,0.4231258227944304,0.16548788885007823,0.6926839602996373,0.5604135487098233,0.5350545888149301,0.5128768238799642,0.17304599097414347,0.7764893999927167,0.12148012715410363,0.6288328934023538,0.4459329850886757,0.4626065793319373,0.7112811950743361,0.0781383204849748,0.7792976668973572,-0.11938612670191416,0.47637315324316326,0.13346520880350862,0.7859711008633529,0.377352744048431,0.1422153396344371,0.4386357591975246,0.8376805639879302,0.6572351907962073,0.01948870991890451,0.5554513622892779,0.7297556803648373,0.593171560138303,0.6554862246276527,-0.18637737909271354,-0.042635076391881896,0.6595201199269962,0.30555362934896635,0.7167798442421425,0.6154451352965767,0.28415451771911865,-0.02906161982711357,0.8114379933798926,-0.46906653738387627,0.001303686127207881,0.7223580818058789,0.6681636701182042,0.7049294842425662,0.33682572724777093,0.3660397547316113,0.8251033609491994,0.8353123471003477,0.05875876389919637,0.5308424737572339,-0.006557484713246618,0.6080762742961381,0.12574555132421245,0.7794333173058605,0.49321368823904016,0.7704961629443329,-0.03759028476417999,0.5123117625820532,0.6534620852212776,0.5274722801801911,0.3760544677886992,-0.050453049522130346,0.4550037225106206,0.3237048723185884,0.8553968634176293,0.7001506928236074,0.3403915633019114,0.7312489141026487,0.7493774283858989,0.8113223734593435,0.6154399642195372,0.8042054143039941,0.7554321680070919,0.7840021802807795,0.7376341438820174,0.7411216507203618,0.8879678938559121,0.9305087266324755,0.6977448221574635,0.8244698362303496,1.0,0.6552513460926951,0.3154663773045654,0.7087854127171477,0.3297572752207741,0.5170313507806917,0.597127376927821,0.8357373920684229,0.5276877497715473,0.8049073396418053,0.7156349543257065,0.7188485307661473,0.7709728463584712,0.6367963064724198,0.7254691843287998,0.7548924438872795,0.2942365339734639,0.6438944195759995,0.8400581822296512,0.10283283083238949,0.44390491843412183,0.9117473792232689,0.7117599102007651,0.6752976170347459,0.36210449731856365
7111,0.3500128935764537,-0.2990474282336339,0.3811670415899186,0.8113154551725963,0.8166668672726872,0.8030949492079463,0.9327592191913763,0.90320279041476,0.9409378327173146,0.8194133125760086,0.9190483951518134,0.9156285969659422,-0.12805980146260174,0.9082918226645775,0.2795799985029703,0.9184570985132239,0.9179329890653826,0.9341318959793236,0.9326617173475981,0.8509922082577857,0.3804692297427124,-0.05050082085565254,,-0.305666681932885,0.4212771616985615,-0.08724598475270146,0.2533573152540467,0.3839618470071098,0.818443200445361,0.8333134239017244,0.8530818557674412,0.9224178759229548,0.07649073398978783,0.901755816419086,0.24006647883227508,,0.4794933156306865,0.7657192080681303,0.4877042155309928,0.9058748090052852,,0.4835994917440475,0.5721379080735047,-0.043583283076480885,-0.2708078254898091,0.007876654810605016,0.1626426949959115,0.5173004254473379,0.16803319220112783,,-0.12782574710391253,,0.5796188723382649,0.5659490320185577,0.389031803781443,,0.3661846643134173,-0.15365084134697515,0.42758394863419324,0.30746644326589484,,0.3666703311426393,0.4691138115910679,-0.009621598142791007,-0.0322355336289037,0.7087562934425582,0.7824875848685636,0.8298551197803661,0.17904061331267912,,0.1514842166722519,-0.03713086517257815,0.1216096774501021,0.8396367557852444,0.5972579325176831,0.8868752810304553,0.9092414230974525,0.8385106168023414,0.4392340128150564,0.8912110423932502,0.9109708697799643,0.9228737843762604,0.6514227378342569,0.9036983181156226,0.9168052108158318,0.9081722550734919,0.8491878524798857,0.748965393008301,0.9088640066011662,0.9042404504164973,0.8852007296230537,0.39757903638071873,0.4276265548347052,0.8898343163129907,0.12201627988604102,0.356233235207056,0.022361244810347847,0.4360559805885873,0.8885045508160246,0.012557773165288956,0.6001713482882403,-0.06252773818443051,0.7714445066166319,0.10031147379985336,0.9202550799833373,0.030336755190597087,0.23309902838957264,0.6112333516118227,0.787215311787824,0.11543573978298674,0.13079469812589006,0.8920229061037591,0.8848862577892311,0.7757882730867972,0.46023089493735925,-0.32105522067737025,0.13062767362378916,0.8695353416620486,0.7782198500819166,0.8717545127433848,0.867458973512661,0.585447693334939,-0.1253928742626317,0.7869643952482286,-0.2376198427923729,0.5680457630171744,0.9084273353099712,0.9028704768562648,0.9113510852861683,0.58584353158612,0.27490023954804527,0.7234818842952848,0.8583041451273633,0.23693367000457735,0.806917054325064,0.03656332184221147,0.8604737703485675,-0.12805980146260174,0.5389454573619256,0.06887380128711953,0.9184117209278635,0.41470399576883227,0.25099907464539195,0.29032676274122526,0.35376051436274114,-0.048853585406292414,-0.3335689403841139,0.14185896573143664,0.5767007646870967,0.699471989387576,0.9311469181316059,0.33876775528526415,0.9206429544597051,0.9153358449794717,0.8997100923118112,0.9072539765176544,0.826642772676605,0.814606601287064,0.9075566018149599,0.6609927753254051,0.9195791938255365,0.7106087793274531,0.7219937739101225,0.8636015231111048,0.6894406172971281,0.6552513460926951,1.0,0.21440969788324887,0.9268562789597776,0.7292472122859086,0.690210118010706,0.8988210083688432,0.45449912861764535,0.4141561025847407,0.8873110781381173,0.9353651174970701,0.879483271016588,0.9234282259130532,0.8897017049757957,0.9272944524979633,0.9261058342306743,0.5268891511457767,0.8844052183243766,0.731545107971973,-0.09223545432902787,0.39316350336993827,0.7972758378850524,0.8059897184033981,0.9094252168618501,0.7723700093921255
7112,-0.17695916070577536,0.24830308559464062,0.33105629143409215,0.3966985436963912,0.370478492345077,0.40069498268232523,0.27233645502503245,0.3367089850677671,0.2520887759459707,0.3771055148167782,0.2764425077802738,0.3157752913855813,0.4044121479156118,0.31927470000416464,0.09657796782190332,0.30489938422766977,0.14665614593600593,0.24851600493591794,0.2781070812461841,0.25580603701691235,-0.20370861038772037,-0.017400697726183113,,0.24252849082989897,0.29316850243088904,0.017960902138558478,0.4479894164703921,0.33768345532084376,0.30494867233555406,0.3683423270508273,0.37933049423452303,0.2454549004172698,-0.0055383374665471325,0.13473189198053892,0.39983988324456315,,0.0894721357311458,0.17425393748170076,0.07817962489953376,0.31658278291259445,,0.2618157452933426,0.27039799180626867,0.16636667238985756,-0.08050611607198407,0.17200505815736014,-0.10020810961762291,0.21669985002221223,-0.12367888124007885,,-0.09205629080385809,,0.05498819316065426,0.2694513702944849,0.11339116951978438,,0.265008628015302,0.15084625262289464,0.40450924199041244,0.27542183361161676,,-0.09180269962699258,0.07939108626689212,0.05268942663844921,0.2722030884039719,0.43393223334727465,0.3100021075626847,0.32450276792212057,0.2599148280125376,,0.14013700800588264,-0.09503703448611697,0.2441118867515201,0.13926188000863357,0.2498979110235345,0.35696124798006235,0.3295956735319696,0.20770826670116155,0.051050285509149064,0.30129045776876323,0.19482225550842713,0.31999798668797025,-0.061740691670586864,0.28026431074522257,0.21312314170852517,0.2922300574846785,0.2881680213764368,0.09739199152972566,0.2479653650408082,0.29368394470341086,0.3260904542669765,0.3726795242869788,-0.15010740894736788,0.2458752727521629,-0.1764868894935228,0.14955420554035342,0.15669494814361745,0.10808657782386386,0.25879881134414645,-0.14124655250348803,0.3055349435793128,-0.19715461454007754,0.2343970274735349,-0.1787162327229244,0.2573964934113147,0.36963290306506363,-0.020548910862655114,0.32161086485434315,0.4720146997300057,0.3278609559660027,0.05153724204989345,0.2552414915893411,0.2984465182349633,0.22780913822188936,0.5026784307676601,0.05569270355216785,0.07935045596158925,0.04146399678926898,0.10556401318634129,0.2409579501839973,0.39679016526289784,0.15633169347342296,0.37230511693756635,0.45750715947878756,-0.136576756038188,-0.03721248739832012,0.2748377797442199,0.15097951500166715,0.3137642186380785,0.17458170534870635,0.19794877018720083,0.4562983940517435,0.3866928852248744,-0.17108656083712395,0.33101794430003795,0.19328576726985983,0.3038832302744531,0.4044121479156118,0.3157881204662587,0.44741694114507463,0.26231487559588995,-0.005992250024262731,0.08489297410846472,0.3774048095599862,0.10236061101293414,-0.010277792424139055,0.1453404525544626,0.21797194390146254,-0.014910136595099552,0.3536136565687971,0.25143751282483584,0.23439053090665976,0.2956894582081566,0.3092470079997353,0.2878779135733563,0.27860032981305366,0.4375089402543815,0.27242057127980157,0.252514192558545,0.2900045308874988,0.31727786595256996,0.20736113624237135,0.2998893205793703,0.2932785349038452,0.38546151900553316,0.3154663773045654,0.21440969788324887,1.0,0.2593327467529699,-0.10033055691207779,0.1547886242132196,0.2365540634867751,0.4967179311443716,0.4449558129316454,0.3338367517884431,0.21777698161170297,0.2568421407667354,0.28242851365317095,0.22124611924442067,0.22453683358519452,0.28303976959635846,0.2412274340697378,0.24321074524364508,0.17274004341463656,-0.032502712755919906,0.02387650215957095,0.24472374069463038,0.13706303871283343,0.2973853964880147,0.016398923311859947
7113,0.33415143906811656,-0.3159456010816207,0.3556258244320534,0.8771636371596875,0.8530456849506591,0.8446880878995469,0.9634772525158594,0.9501955106454933,0.9763078836388644,0.8391936950524473,0.9516317224957818,0.9521707591161412,-0.168725498322325,0.963352430602381,0.2678466184172352,0.9754207541749287,0.9451936072046037,0.9828236038728866,0.9828076304577174,0.8983087143137195,0.3622451512580419,-0.0630794892409243,,-0.32003030633741825,0.38712045300455533,-0.07095232672211256,0.2976405240584468,0.4336689571295112,0.8756673414518517,0.8983142501989693,0.9083223994918204,0.9619274716372448,0.08140176024977867,0.9102094934390437,0.30603087441242205,,0.4542614316851973,0.7826049378331054,0.5419749376052955,0.9529856836094949,,0.4926368673369906,0.6175952018789542,-0.012867220446367856,-0.33845261847933045,0.0027762814807499726,0.13755301139812764,0.5232536570494534,0.1443606947043268,,-0.1395341990693367,,0.5761464399012273,0.551253798831103,0.40787831424078314,,0.37411585802777786,-0.2159865194692961,0.45521085189233623,0.3529689336079146,,0.3871116473268727,0.4238530482068171,-0.03607147076300505,-0.05818943962703505,0.771204143808608,0.8096249882535942,0.8638835942279027,0.17936887430226023,,0.11441687164941608,-0.046552128280881615,0.1332797757863326,0.857691663189727,0.6123704835788477,0.9237212947722642,0.9476133162993365,0.8595746933172039,0.40079149844771544,0.9288263370015986,0.9247860056042658,0.9694422103190389,0.6401247007493996,0.9340585797866222,0.9313107734600384,0.9376416999213759,0.8700091665982292,0.7359958304440958,0.9581671572684122,0.9325266360920306,0.9204321236622731,0.4073451311271081,0.3779684781268881,0.937783876770838,0.1341876741438169,0.36889463911070874,0.02754703960388561,0.4996195498892804,0.9318354032782026,-0.06772179203969447,0.6409137629710545,-0.11404585017045293,0.7736427978484534,0.10620378545589385,0.9706083204634817,0.04458172609151162,0.21688696440566077,0.6723997913714274,0.8272671676583244,0.12842991676098459,0.15101941906865812,0.9119750222755041,0.9309578834276545,0.7832553543671419,0.46308116283488127,-0.3387666444792513,0.04013578299633448,0.9083719453961625,0.7919802402393608,0.920537622587102,0.8876278837327504,0.5363499963875598,-0.15495653818759594,0.8385193300306694,-0.2699161885961393,0.5566376890065989,0.940511892825372,0.9354853769730581,0.9556516583745154,0.5880848700826933,0.24235746033468938,0.7699471972571952,0.8946571837010356,0.16904764708032663,0.7958780063595557,0.0592334204832549,0.8750874164192372,-0.168725498322325,0.55132147056623,0.06001877474869766,0.9749113421712917,0.40049415210397554,0.29960821459459563,0.3394827716276865,0.3675764160166353,-0.08019503571756204,-0.3706483412323038,0.12467549653737832,0.5478369302127495,0.7166161385260239,0.9848227406611435,0.36648526408019305,0.975399249646742,0.9736724295408128,0.9591484437239921,0.945237397860351,0.873583246235339,0.8545107495217743,0.9678644889804409,0.6992109813031857,0.9770992053877645,0.7719780785062892,0.7911894115507792,0.9398794849111037,0.7397097319673709,0.7087854127171477,0.9268562789597776,0.2593327467529699,1.0,0.7045467178596602,0.6806281801995511,0.9336163789255665,0.5379045467685398,0.5109492685015975,0.9378608962050929,0.9803542754210577,0.9357824194363259,0.9686590856724419,0.9281817011349205,0.9733245232240142,0.9780087631591393,0.5439154099853067,0.9357328367137377,0.7550235490629824,-0.13279723307804991,0.40763974772634165,0.8464848242611184,0.8515602454125994,0.948822261038677,0.7534476011839337
7121,0.4803061262504468,-0.3720794041219123,0.20741806666614607,0.5145633263559009,0.5371375292560976,0.5320080948456374,0.7553581763274488,0.6520068386924639,0.7293689872044692,0.7050675479360645,0.7611555583316302,0.6869586173280671,-0.1676558631745633,0.6649371004324656,0.2442444786330548,0.6512398327220427,0.8811205339833471,0.7167637929922182,0.708463376716913,0.5925655941044062,0.5143531771708163,0.04885875478615383,,-0.37267675269911,0.2300695916429786,-0.007127941921649338,-0.12475646553966137,0.1448601909877618,0.5771041140063323,0.5447362758234269,0.6158472792426646,0.7153697900117854,0.07013100960919906,0.8060970390664851,0.10287410211434654,,0.3761117110745084,0.7447496377286577,0.3248405527980926,0.654041410937338,,0.36053676154933983,0.29160708653965123,-0.152410396982242,-0.0597275416163351,-0.18272555037634644,0.12973411884266706,0.32931169940556027,0.17109057891989002,,0.093229556031159,,0.5429969835804672,0.32977385029304274,0.31305388556575336,,0.4010914469174507,-0.16285442564280875,0.1296778282450035,0.10123283183717621,,0.479215294606348,0.351303164609155,-0.11989421908914248,-0.07741273564113822,0.39505815804516353,0.6195088193478099,0.5259208198750267,-0.011226799426371684,,0.08924613268063479,-0.06762171791328132,-0.0030132879728555443,0.8331219328054582,0.474944423270281,0.6958148263090952,0.6732797974449686,0.805844762119439,0.593430046146229,0.656881481489882,0.8062759394480229,0.6708001344861982,0.7796580657662947,0.7059926392379297,0.7402130312530664,0.7401826975945325,0.6746572824611264,0.7410765101801456,0.7090625726320411,0.7069473644013127,0.6913507267025742,0.22115659656727507,0.5981148778704234,0.6174779244540948,0.25750404799531207,0.17850589256063937,-0.20334260451819597,0.27955293402106235,0.6676998997782911,0.1415945951351047,0.37702765631249596,0.03627251167945635,0.7433265622512495,0.33223300518906596,0.704150608535741,-0.17849739692283972,0.29620159979303323,0.4883273831480112,0.4395577188977774,-0.18163353905846005,0.0675411517997103,0.708667549599323,0.6397143147696492,0.6867187310847406,0.10429851530284505,-0.31373921292698453,0.25448173536194263,0.692377272961277,0.8024372155852796,0.6608851460434275,0.6859035917034979,0.5626959222090474,-0.15463080129644904,0.5273560435766342,0.03628187280657882,0.7652089293924773,0.739496542716837,0.7766454465459897,0.6997496381123387,0.5294662896399102,0.23115254544937341,0.3954966347817166,0.6089344625513109,0.25915222206136235,0.7547717742968615,-0.0068639182870137375,0.7123416694413326,-0.1676558631745633,0.2783342142510116,-0.2746882029754005,0.6986231981798458,0.5574741422208311,0.1026918120863714,0.12693090780867464,0.29090633600010746,0.0016811988186054732,-0.19163477165521337,0.07800840041916866,0.4961746364260356,0.4964786914680945,0.714210396683361,0.18610878654619653,0.6684205775302062,0.6647635850965994,0.605657999512801,0.7339822680994261,0.507255118403352,0.6009924902269198,0.6335588881465928,0.3800066271414916,0.6632413835759553,0.36768753616933714,0.35505676531576746,0.590140879245493,0.32060595553863375,0.3297572752207741,0.7292472122859086,-0.10033055691207779,0.7045467178596602,1.0,0.7870292864564227,0.745681081950382,0.060071251927684505,0.16557010060065683,0.6367755951910627,0.7202478225947917,0.7309373101205255,0.6845047000260834,0.7749405838140637,0.7146628836090118,0.665818613333784,0.41840295928287924,0.638758807849386,0.49005647998593527,-0.09542757700254768,0.3590532992404073,0.5413583696018358,0.5841383566816455,0.6642633798068305,0.7687683498225341
7131,0.19169486501282287,-0.17453473146836865,0.4886461255213586,0.6621593028228321,0.7098332442749506,0.6811361304394512,0.7284427504372777,0.7259814163527196,0.6960536798358289,0.7871550585940588,0.781893042789479,0.7491166782494229,0.21771458084263634,0.715738063545814,0.4047131676058789,0.6645531692178717,0.7739250247037629,0.6738668775750146,0.6869306062390347,0.6883454445513658,0.23522988633362527,-0.09324805155667558,,-0.17065529027389573,0.49672577686915337,0.021171157813892706,0.1735164102045888,0.33765568955375885,0.6332396501481456,0.66733828423231,0.7249118175677703,0.668009316892037,0.02398773787562633,0.6990193280502769,0.3355943245830204,,0.34248625934233246,0.5899439446524454,0.367457945477566,0.7162996819642954,,0.42120884639628836,0.4755176205763136,0.13593528556008833,0.07539583946730931,-0.04116037545165038,0.07691217927597428,0.5193942902054568,0.04000387148376948,,-0.007916170018364635,,0.39626401326416116,0.4420207535780379,0.43201363783807595,,0.3394348618651882,0.006488659135766449,0.48049749382690726,0.2936988247056603,,0.31837017679600776,0.24046312271400286,0.014771011469064246,0.15192572967707843,0.5917792845264205,0.7271438657018485,0.5508771578525063,0.26657349402157204,,0.23810333669069142,-0.03528465536279115,0.13327016279831788,0.8133666294969333,0.6468365036084566,0.7288344574432615,0.735766186695785,0.736038485980543,0.6513533178941112,0.6573647096348062,0.7215553213783799,0.6660427627183203,0.5278417981427511,0.661766544550218,0.7009169816514523,0.707894125344681,0.6211137290267928,0.5595779821865529,0.6858664259164131,0.6996928561513278,0.6656983246074636,0.3856632805542732,0.4764446447218646,0.6189103190328699,0.21662774925770012,0.31889795759393874,0.006090272147826581,0.2620574257428141,0.6628741848376272,0.12350811709770093,0.5827249647048082,0.05569556135161259,0.7612241890717254,0.3866199645805775,0.7051784815756706,0.14258163206202767,0.23999223836000969,0.5098524699577247,0.6369484776675532,0.21273341136598228,0.019173015902324248,0.6627086071744567,0.6645733077035872,0.7521156936870855,0.38503592685689575,-0.11799275390908796,0.29537745210183347,0.541732579592163,0.6900755585795368,0.6402414838238993,0.741318586043878,0.5248486877728679,0.1312490934072067,0.7148449976745525,-0.07777257088313123,0.5904367212739855,0.7540569826077865,0.715500894267648,0.687709331783625,0.48296973847446556,0.4226761763626543,0.5585768932264507,0.7464636847492563,0.23481192254257877,0.8012958780853764,0.03606489224587497,0.7689313224618456,0.21771458084263634,0.5509417212917773,0.0691037078100287,0.6891134286267317,0.41873489574639444,0.268316050520773,0.3802893309693021,0.3406983593482098,0.16113146993321853,0.044451740762859834,0.324987886489737,0.4112841084241419,0.7218146675931542,0.6818437304708658,0.2983492870888537,0.654733021196275,0.6641500425522578,0.6404083188357135,0.7002392510965076,0.6647960923251647,0.6464395179446467,0.6385421324212531,0.5100457142623246,0.6678970500679966,0.4588236591593626,0.5079146712240359,0.5989884133283774,0.4896830072947733,0.5170313507806917,0.690210118010706,0.1547886242132196,0.6806281801995511,0.7870292864564227,1.0,0.6799143523465406,0.3680163340004142,0.2992537000534769,0.6874612293059005,0.6618468051001247,0.7265900476080571,0.7057301899883108,0.7491670809402828,0.6682167841859254,0.6566881593586796,0.48268589218384905,0.6277378049378212,0.6039129739703835,0.15216733552897882,0.4395333942081512,0.6620656413845702,0.6438542062779917,0.6590868349944601,0.6174801664134443
7132,0.37761261340584074,-0.3561719042000998,0.32564890837914057,0.7873371603437099,0.7812084648541546,0.7929624081857852,0.9435728349186043,0.8929227813543619,0.9429049905219649,0.8498706343955699,0.9207519347959247,0.8989965681771714,-0.14774867785933365,0.8985041699374535,0.2577873579752816,0.9151845307091088,0.9330301122149265,0.9381492109514162,0.934309203708136,0.812367795708577,0.3958149995523593,0.00893017629161613,,-0.36332094946785715,0.35170294280048064,-0.06934868051453338,0.19628394532320212,0.3595204510581195,0.8031225704308884,0.8096862253870358,0.8416090234169803,0.9298061533007758,0.05665297265097246,0.9096145111206768,0.26167246193065835,,0.45997018683894225,0.8045784686881537,0.4715451789335651,0.8861192048543762,,0.43677001269371607,0.5305940203919705,-0.06353381345014678,-0.3192225860261456,-0.031748502372692,0.09467132297718323,0.42926950707034744,0.14338565556879895,,-0.09435995146403513,,0.6361148192508772,0.5376268636181987,0.3893866027805418,,0.44575036560765413,-0.19727434072587455,0.36375365026261475,0.28518012242977214,,0.41953053886215974,0.46229806428945536,-0.04086491738171014,-0.04119252980251228,0.6895803422557005,0.7803002588204593,0.8338227160074091,0.14621941396132304,,0.11542954138734303,-0.03434144146718765,0.10956442819797109,0.859151328625406,0.5563531965631353,0.8961749409752652,0.9050430810244969,0.8697527585803412,0.42936198741316234,0.8832397213080551,0.9300246171295233,0.9214747356927097,0.7159790209949621,0.9227639558611785,0.9238991922639662,0.9242310102619967,0.8747871011091338,0.789627801125189,0.9021047726922208,0.9118040237378864,0.9074021301855809,0.38376188135216244,0.47376565859307973,0.8908413115608105,0.1456807613102671,0.299680327568637,-0.05874935033301201,0.43881173837943466,0.8797360140800184,-0.04399194954404677,0.5514965156926941,-0.056828648029443214,0.7969613061745298,0.08532039958590289,0.9126690793749553,-0.012210792041237914,0.22674269664412142,0.6730195009900224,0.7575498171476073,0.03591200851914527,0.135722709604677,0.9000363834647553,0.8687668613879113,0.7770746461862044,0.3935535021083236,-0.32617518056867695,0.10383181232140536,0.8626911868059957,0.8467757806114549,0.8725811727903954,0.8789447313610868,0.5954770029321174,-0.10447499253851054,0.7753706783526428,-0.17304692296706103,0.6341009858282795,0.9058912047439125,0.9125011057865259,0.9256049131243396,0.5798346598420276,0.25097572925793526,0.6833358563865528,0.8365330604512169,0.1775843447236715,0.8120471262893055,0.03364814824743217,0.8630407035289189,-0.14774867785933365,0.48143388947817034,-0.0102536755238933,0.9105720615961767,0.42698160398297175,0.2323482092219668,0.28664756009657244,0.33285416464090684,-0.07118065186312107,-0.3119122869821763,0.10868759596512063,0.5561394557053998,0.6560685330813174,0.9402792467983822,0.3137634118659339,0.9255602236449031,0.9188000005929221,0.8865166394595965,0.9227108194757282,0.8094380110641308,0.7720009838804986,0.8987235819249255,0.6027143949764624,0.9227994991540363,0.6591260843746138,0.6662727907429968,0.8721317220881455,0.6280373543392145,0.597127376927821,0.8988210083688432,0.2365540634867751,0.9336163789255665,0.745681081950382,0.6799143523465406,1.0,0.3991974501300173,0.4319513507884464,0.87245883667235,0.9309891981649756,0.8943944205077772,0.9071918663458112,0.8944999984993635,0.9230763848028875,0.9158837230766553,0.5891215524276294,0.8751604215237752,0.6738435562839393,-0.14033569290154183,0.3180224072875729,0.7512332825622882,0.7664613510468946,0.9070679021937876,0.7973569217706878
7211,-0.27163109847160455,0.15832908839185955,0.5906195935822449,0.7885994471531679,0.7681467529807213,0.6888940715183055,0.4480711320728316,0.6600247973732208,0.5059898656181682,0.38063553380010473,0.5274296347055043,0.6210048377912133,0.2679854800367837,0.6531546449244968,0.27017916870935693,0.6174928953935686,0.3619881930750926,0.5233410177311317,0.5422555581951793,0.7612227613872443,-0.21014088490538527,-0.38009892909682924,,0.16292735498797928,0.6498605063200734,-0.14703831072576481,0.705640198884549,0.6559626719218055,0.673967854979293,0.760627410235265,0.6994525424266258,0.45204298419458544,0.19341991757442845,0.2965073145618852,0.40851762970322536,,0.04646204867953197,0.10684637117749522,0.2921890945001105,0.6695985967540881,,0.48224322197100244,0.6985786395304115,0.38697025351998493,-0.09337728939464356,0.37591039198170495,0.03923002263780728,0.6748327590736993,-0.032538738815979976,,-0.27053820985617144,,-0.026692331210696203,0.41526810003857967,0.43013728572014776,,-0.0987942007371395,0.03592351895112929,0.860754298830178,0.6319730526994598,,-0.10839468096821903,0.10628658127737262,0.17085095877777118,0.17634299345055487,0.7775534688369391,0.5559641020883559,0.48946697232520453,0.595199371515905,,0.2138574378036663,0.07137441207425303,0.3264511488410279,0.4034119339582495,0.609846808971646,0.4880027065448465,0.5978607451452723,0.32610085162860664,0.1427903022810039,0.5736388170778687,0.33880964046642337,0.5625306330035936,-0.22737938458943371,0.3823485284480673,0.4079426284954002,0.4012335493040116,0.3061429875109613,-0.03195192376543673,0.5211138099525481,0.4218555403413278,0.3808469640671105,0.4894228923634574,-0.050951169608717435,0.5848301373936624,-0.11124766462966135,0.6021791803370228,0.5640570632609236,0.2959551037961108,0.5436018274643973,-0.020450578822637715,0.713674483854693,-0.19486547915725794,0.26545521268117,0.012012559970386588,0.6054466395292462,0.5533305237130364,0.013876339395638728,0.3299290057392782,0.7673001759927416,0.7794770131571459,0.037427607893184243,0.3827721766575566,0.6098042732765748,0.39159664863167515,0.7027240709405356,-0.10393706899604718,-0.09856130788617033,0.4400081766306725,0.04901415538595357,0.5628335417443427,0.4481266178463103,0.13202005653702095,0.0651459571504618,0.708255559588875,-0.4651166532716943,-0.24511655847147085,0.5435501462184005,0.4141030875702793,0.5077006337750894,0.23772349260755032,0.28430013687658245,0.7477784562069799,0.6967692640964562,-0.09720959976567235,0.3469954700843354,0.1557564377690233,0.41513225490095884,0.2679854800367837,0.7603486405360163,0.6166622539294029,0.5905534055439042,-0.059819951450332864,0.40371581337857215,0.6396613186799458,0.45145638981229425,0.06990275256799643,-0.11388060557823462,0.26355574842342566,0.19159640979850506,0.6938302974053664,0.5151421161011714,0.3436947686104623,0.5695114712798985,0.5813196135796307,0.6651122434513367,0.4382947641464097,0.7180291728134831,0.652977288345208,0.6235173892674268,0.6964673289828812,0.5823504190432586,0.7771349057821877,0.861768410126428,0.5803768419521298,0.8409597329793725,0.8357373920684229,0.45449912861764535,0.4967179311443716,0.5379045467685398,0.060071251927684505,0.3680163340004142,0.3991974501300173,1.0,0.6681696206361498,0.6651835778895991,0.5149405175316449,0.5201684285277813,0.6140415700710409,0.4516848792997421,0.5311196396495992,0.6061915147266387,0.21686679273180143,0.5361192228328597,0.6789722637530892,0.19972268146853173,0.3205695635228186,0.8020357837119607,0.5930167022118955,0.49425703749678257,0.11681670538435335
7212,0.050657325351025774,0.008073573332057825,0.32300395616822175,0.5577488099471728,0.5290980507567843,0.4496946073600974,0.42402002834070684,0.5194482669708386,0.4789536175506643,0.32789987895513867,0.44971856564032175,0.49865615108308303,-0.050307320031106786,0.5390067410021802,0.018008861865443773,0.5338756295238495,0.41804047725198484,0.5167493758877396,0.5052870856891951,0.5720613907274682,0.08706162188610252,-0.23177154511770504,,0.007567961551754212,0.35705023909452543,-0.17520348760602356,0.3708169369620834,0.30255041182554177,0.5350226199296495,0.5531969763629938,0.5321480066841622,0.44683542126864,0.1592025151877881,0.30970439006212913,0.3415934463544914,,0.10498979138883112,0.18360040363266822,0.35168827538820424,0.5360951839684418,,0.25258602173725675,0.4771313342183924,0.152968432326345,-0.30713286636374637,0.028853844266636737,-0.07782840441224238,0.3686493171205312,-0.031421656309655654,,-0.14276718026150206,,0.14600458028283397,0.2217852982603519,0.26634738545859443,,0.08219024777978763,-0.14343286610621,0.4621337387191338,0.36643276975311845,,0.01717541268706302,0.20673037352886067,0.03267780235083773,-0.014045288262320987,0.4947413963209618,0.3571933478750675,0.41611333017615887,0.25941157324354785,,0.01790358091245032,-0.06213455958268054,0.28175283425100967,0.3292570577971263,0.23419140591182794,0.42028747212078293,0.47418318580340024,0.29085899328487563,-0.058151519069603266,0.4868629081321111,0.3613000934790006,0.5164007682123267,0.037754757319131235,0.40641412035716873,0.43236197069640536,0.39082151440775625,0.3496691000576771,0.16414219845589328,0.44953291286630526,0.3902054432630585,0.38097540839214994,0.32732523949121994,0.08434283793182291,0.4762286886559404,-0.021509948949251984,0.40722576285432294,0.2171745196808842,0.27495504107552593,0.47147380286951246,-0.17861658327969338,0.42218436420172883,-0.16720812137368873,0.22325528781334947,-0.09160660279283825,0.5241984218346659,0.2654009148690029,0.05352685549566884,0.3579108374630316,0.5287364775670955,0.29474174340992276,0.02947981734490232,0.3247637861587728,0.5432181883851133,0.32509631627941904,0.30512800340910673,-0.21451971176600249,-0.14519797976900717,0.5007022205941322,0.19903404411158826,0.549341550527088,0.3947084680057509,0.12485626550555093,-0.19846423193509885,0.4887142610789296,-0.2322155254272076,-0.013074520005175352,0.4644712926009837,0.3781853998936398,0.4635907107360159,0.1478411381037739,-0.07973712961875588,0.5123014379469392,0.5175667911909931,-0.13480340676428038,0.30401163923355257,0.13709120168466482,0.3558983167042936,-0.050307320031106786,0.38975534348722507,0.2620396248489561,0.5304579020305844,0.08171236674278554,0.1818279847243273,0.41361573808494595,0.24793644074333193,-0.17369279478571212,-0.33122807003579013,-0.006442827035698267,0.14854980097671064,0.3897321650094807,0.5007072468303678,0.24023318082325695,0.5154598730197388,0.5103486357166597,0.5637426342630203,0.40180024197887465,0.5270795271636991,0.5143995655959743,0.5632258561530343,0.5281540610359098,0.5190220032349295,0.623304483959299,0.648578283657315,0.5853566771601354,0.6069186203336541,0.5276877497715473,0.4141561025847407,0.4449558129316454,0.5109492685015975,0.16557010060065683,0.2992537000534769,0.4319513507884464,0.6681696206361498,1.0,0.5363762340457752,0.49805578601679656,0.46137000881633655,0.5338582525251286,0.41949471580627734,0.5139393627324923,0.5540273558236763,0.17772657239086428,0.5609554159297178,0.42824612022750186,0.06512040480125345,0.1999462977374625,0.5764321780848021,0.4655756435418515,0.4727470966338944,0.2646786366897219
7223,0.14551707380853493,-0.19788360395907031,0.4420303715882798,0.9443469004000463,0.912418360225432,0.9070055658077004,0.9234834771346229,0.9603874944172851,0.9296516684018694,0.8217711874117494,0.9336878814307384,0.9512039868099685,-0.014074198507436445,0.9636806182559327,0.345278454038895,0.9540986363938512,0.8801593407444284,0.9422134731003302,0.9535333170835175,0.925101314609316,0.17835927699502754,-0.11089862648270196,,-0.20281565848808777,0.48415998466299054,-0.0755323317227096,0.4634238911951965,0.5343651178001106,0.9061698669081216,0.9527963129118061,0.9495298915031536,0.914949731069911,0.0912542639429347,0.8483641505799441,0.3870433956273146,,0.41679180588922765,0.6839818380437488,0.4758315963376645,0.9624820795517449,,0.5617928747272121,0.6912371677504136,0.10310217028213162,-0.23532688271898028,0.13744191865374067,0.1289701862822646,0.6291861339849409,0.10144870528284783,,-0.15950150043492198,,0.45422918002931995,0.5702299588974821,0.46643864752493974,,0.32366277371876734,-0.15041593549147647,0.6077382798513039,0.4657801867963492,,0.3101429646330974,0.39452120750914543,0.02934466071915623,0.03008685928331121,0.8492217616923434,0.8597085372299864,0.8535747118108197,0.3230373149891,,0.15658132673230965,-0.02226191873835514,0.14277572568023586,0.8705943811038441,0.7386362692138555,0.908614390017549,0.9446950292772135,0.8373219554296588,0.4484371461813784,0.9325261893044385,0.8595029507539952,0.9431283207821826,0.4929623161917113,0.8650790992865468,0.8527183753110108,0.8908668474793091,0.8021066900848481,0.5989922851010403,0.9335906198137747,0.874180898309368,0.8685880067067326,0.5114588851329456,0.3348840093449498,0.907436874667957,0.08035887699871765,0.4098828684774983,0.1582557597039773,0.5325822009583843,0.9098727531053864,-0.06800542949260223,0.7311811540911076,-0.09643055937518821,0.7451702938653771,0.14553697909793942,0.9514119182699466,0.16427035159537215,0.16943602023837198,0.6517460223869571,0.8763326691364762,0.3098200666483792,0.15783549043721407,0.8612159434403409,0.9218942341600666,0.7645334475673857,0.5736818253473045,-0.2647400911755392,0.063746309837006,0.8336291088431941,0.6754026088896578,0.8758572954235326,0.8730766080962072,0.48055822565509715,-0.04489265944215758,0.9030128904570913,-0.30121075240654616,0.4226887429297668,0.9195884584405789,0.9015448725841014,0.9305435239442673,0.5661461611970249,0.36540583859276693,0.8618966521743884,0.9310323430724349,0.15229210485113198,0.7698093683626551,0.06835902525962151,0.8454562655669141,-0.014074198507436445,0.6487399988172254,0.23324962468115354,0.9515157148464327,0.3162816841752696,0.31228809694622517,0.4667349696451945,0.4655331235032046,0.011691535020183122,-0.25243216877951496,0.2206828764003393,0.5089040935211672,0.7813147007635537,0.9394253304812319,0.4199486784006234,0.9382487814148884,0.9529065829433625,0.9395805925503178,0.900108142212059,0.9016966088971667,0.8746676117893777,0.9349569542680933,0.7310597122500717,0.9479531828199282,0.7922927925467343,0.8462885517178528,0.9006304045117237,0.8121360640702819,0.8049073396418053,0.8873110781381173,0.3338367517884431,0.9378608962050929,0.6367755951910627,0.6874612293059005,0.87245883667235,0.6651835778895991,0.5363762340457752,1.0,0.9349031868054293,0.9333935814452968,0.9564475862158303,0.888766830951321,0.933931721298863,0.9514829876897662,0.4927565257038893,0.897327547073681,0.807400831584328,-0.06001570986516218,0.42029945253726203,0.8900631606186918,0.817269476551215,0.9170502628825028,0.6319212257682238
7224,0.3473928420274375,-0.35441242790173993,0.3446824223298958,0.8666262862113054,0.8450838539972577,0.8388933119736242,0.9663847495403833,0.9480996309685978,0.9818078479961141,0.8158223147809738,0.9461508417594077,0.9479252009987514,-0.21203892613252348,0.9602687059145117,0.28577913639864233,0.9800862627351367,0.948840613444978,0.9932858010271634,0.98673180847394,0.8983515297837614,0.38158035665776274,-0.07383680994547714,,-0.3624403830558854,0.39317107577862515,-0.11421478077304631,0.29625949681119784,0.4116514671766398,0.8765907146034079,0.8897519671043024,0.8934514725081009,0.9676032001983023,0.08505568226191183,0.9205691715977776,0.27255298957206275,,0.4500603135145484,0.7832678812113413,0.5118056045010297,0.9508246256032552,,0.4979191067815301,0.6325839528633063,-0.03275484814633529,-0.3624035443651421,-0.004916101431525509,0.15078804947794797,0.5176013341879576,0.14672188251373966,,-0.14552076889680285,,0.5903104769122801,0.5608626398654691,0.4115837282015089,,0.35929287718763775,-0.2297043719250841,0.4375987228134906,0.3884012019463288,,0.3996501058256944,0.4859969617389885,-0.039682177493777004,-0.08639858595188678,0.7559765226416924,0.7992996332891992,0.8752455031497779,0.2021072565879503,,0.08656648724951851,-0.04247453376507095,0.12602610260336183,0.8611534993960183,0.6134355077015984,0.9158240331263757,0.9479257576276873,0.8647942330384022,0.3848191812592928,0.9437516572174269,0.9369512026285091,0.9765295542778174,0.6526899953727565,0.934112979999281,0.9364995861910753,0.9371396129149979,0.8629392037548916,0.7467949279168778,0.957509850947167,0.9264926003518897,0.9170182626763683,0.3907729971691294,0.4078751849096704,0.9412682201251045,0.1506449325310336,0.35677628749241763,0.04164552537339917,0.5148922956748242,0.9375800977255696,-0.05927531598192296,0.6229391694854478,-0.10312379874658274,0.7650446380977157,0.08281955614880801,0.9757131105418494,0.012421260960072683,0.2220543633773614,0.657701470438016,0.8181446637111023,0.11840539608843703,0.17300378116506981,0.9111477287320662,0.9181314516675376,0.77882384076549,0.44675407310915055,-0.33432728714860765,0.04046015020593555,0.9345264805364372,0.787104177297846,0.9262362971374676,0.877449253890431,0.5323911177722732,-0.1929675502662724,0.8204779304198636,-0.2770087941713133,0.5410890480073448,0.9349978945783982,0.9497057430957117,0.9591676287666941,0.580517114635948,0.23421826839864068,0.7598323930294247,0.8833614512312077,0.1595424155393112,0.7753401360872119,0.03674256265563554,0.8546213180011701,-0.21203892613252348,0.5531959296605302,0.04299561167837028,0.9760988159306169,0.39054236437918033,0.2850502044516882,0.3209945195306015,0.39409771884889383,-0.059376504123323584,-0.3922925162398522,0.11599103715871933,0.5624192291900925,0.6987948053626254,0.9879207765935283,0.32964321328317064,0.9813329261264175,0.9765977732495568,0.9627812904570279,0.945085323442687,0.8648155493043627,0.8606455394901716,0.9746471324284153,0.6914223282140465,0.977490730179877,0.7848740050923103,0.7938299231036379,0.939524608503761,0.7309385111486614,0.7156349543257065,0.9353651174970701,0.21777698161170297,0.9803542754210577,0.7202478225947917,0.6618468051001247,0.9309891981649756,0.5149405175316449,0.49805578601679656,0.9349031868054293,1.0,0.9320083129205387,0.9709655596246509,0.9239395733678588,0.9883063626886068,0.9821979910854022,0.5166944099537449,0.944544031030832,0.7691229678815111,-0.13840406043155667,0.4048204010624629,0.8450561953994864,0.8522839568895292,0.9494679625919019,0.7580414934807218
8111,0.24491854944649283,-0.26537556878705176,0.3789979764321419,0.9063673538605237,0.8688354752429859,0.8872160090950025,0.9478991516483178,0.9532283970336064,0.9322611252302079,0.8708017756514947,0.9564783580304608,0.9466076027126268,-0.07900565273817542,0.9566649371250331,0.34043391042397897,0.9368853391653258,0.9226087987849756,0.9447479881524496,0.9621002557412213,0.8797269439564919,0.2668281397484233,-0.0286318371868645,,-0.2694365414050367,0.4018566033870977,-0.02678306934905245,0.3336318147607554,0.4526394956576579,0.9051842177037587,0.9202806075259847,0.9368558835972522,0.9406009849641637,0.10169189779289123,0.8899328033458858,0.37723648496352663,,0.44080218502761265,0.7673557506799539,0.4634606085924055,0.9415638341486007,,0.5109040968801929,0.65411994293246,0.053448172183328216,-0.25709610149758416,0.07349315560916769,0.15905923896641777,0.5739959401891442,0.11977457771686634,,-0.10923614864794821,,0.5288997894410233,0.5041391297287381,0.4312090088350042,,0.4057177040320525,-0.1584910245184281,0.5050742776110377,0.35453949796690265,,0.4025727285777987,0.3931821342733227,-0.0029917429468285825,-0.007156896584973119,0.8118823090128668,0.8803098768354384,0.8130503484465906,0.22295553428588857,,0.12740084094013635,-0.06692159622654593,0.06562869492665604,0.9325285595287078,0.7108493578953247,0.9219453695743883,0.9394401666055895,0.9095401912239811,0.5218084199517532,0.9267296036566459,0.8991718285774022,0.9350134098899087,0.6501834255035691,0.871886663859357,0.8737263134760337,0.9111829222924508,0.8126395030853205,0.6794365450219744,0.9466677711769467,0.8894485866428846,0.8828006626715267,0.49667322456578716,0.42648046530375505,0.9127137960285698,0.17006541164076008,0.34157875377314223,0.04240512255557576,0.5414766423796536,0.9181993594340173,-0.0498877508866271,0.6841399606599945,-0.06036700996548827,0.7857906976220772,0.1987827995137994,0.9437578745280998,0.08110866927757569,0.15033202873923424,0.7306212144566916,0.8093522767287791,0.1491350439210911,0.1764989349944112,0.8782256934759447,0.8983413387996849,0.7800104534873057,0.45851879279867713,-0.2773329489854524,0.08392426648911057,0.8402228787340865,0.793890671116507,0.8635559826891233,0.8945482853338161,0.5390765333841647,-0.05607938850528918,0.8761753173908234,-0.22300310000641785,0.5798839724800463,0.9363462934306528,0.9504296657784035,0.9451371044511702,0.5792259499458592,0.3670540592166312,0.8036789381666973,0.9014848211038319,0.18699418713984223,0.814934040362178,0.016452739099111907,0.8871173285599162,-0.07900565273817542,0.5545253677959929,0.09553877544789653,0.9556729796150638,0.41034887274614074,0.24385867349982793,0.3896567446779071,0.4322443542887875,0.0073500612403936145,-0.22706355252069332,0.1932860286860605,0.5303172410522732,0.7273637923125563,0.9530541898225147,0.40706105843198337,0.9280883242692002,0.9446627243529673,0.9106663294310051,0.9225742225591023,0.8613124503501203,0.8489419473514543,0.9123382319670194,0.6498354119581724,0.9379846422743315,0.7132213000847564,0.7549092610402445,0.8857938336952449,0.7238682212462911,0.7188485307661473,0.879483271016588,0.2568421407667354,0.9357824194363259,0.7309373101205255,0.7265900476080571,0.8943944205077772,0.5201684285277813,0.46137000881633655,0.9333935814452968,0.9320083129205387,1.0,0.942752065618314,0.9404711632711581,0.9350315271581555,0.9312270051861271,0.5077640429722846,0.8859013149356851,0.7485677559944908,-0.18284437369204565,0.4299107943421885,0.8347499315325629,0.7641086074598125,0.9138390796020569,0.7169229867645628
8114,0.2645911829749568,-0.27090343921160603,0.4465013456469153,0.9246510574932174,0.9102928318792055,0.8974768063143153,0.960228094105474,0.9766489213255298,0.9715415982938521,0.8481691041471138,0.9579678001633025,0.9720333261885757,-0.07326921326534133,0.9807294739481688,0.3211466747116958,0.9800357978855341,0.9235890990339479,0.9757104347982817,0.9816326971617018,0.9330651110201386,0.30381747306344054,-0.11350154425341293,,-0.27793295381538435,0.48994300839057386,-0.09308607119371094,0.3855292900653466,0.4956072172518964,0.9074493164576323,0.9401723249088149,0.9412211261752278,0.9539639169279635,0.08094031544860125,0.8878935154350829,0.34786494557517383,,0.4287655765075686,0.7387000318125537,0.5068299390692389,0.9787691697360991,,0.5342147372100656,0.68544897308522,0.04275514525045579,-0.28360911783443793,0.056371532162340976,0.14117128854128785,0.5817336691668445,0.13002546780157528,,-0.19286523285067636,,0.5388772136911109,0.5844760100589657,0.44730926626851636,,0.33079482532331506,-0.1603144746273836,0.5643299450344403,0.4406939580721871,,0.3602960007898079,0.4197952864414946,0.011475350426114243,-0.008803708378958513,0.8351307406370104,0.8504849639064701,0.8637687890640471,0.27713129487292665,,0.13645791941355986,-0.0265815341812556,0.14731074287359106,0.8643635974330905,0.6853840622132074,0.9217682803455929,0.9708048711380547,0.8686319844102862,0.44362347728652773,0.9546565949387168,0.9184655138706869,0.9746712369549174,0.5754014554523945,0.9101922854896435,0.9236413621428545,0.9247720654031824,0.8360963927384083,0.6913231820420735,0.9557176104030166,0.9183911441128033,0.8987905672755706,0.46660410670980523,0.3686557860544769,0.9357555332091286,0.1208547761225602,0.4150060516733315,0.11851420922504442,0.5217321103719532,0.9407068133990109,-0.04413964390200386,0.7015050291422026,-0.10944922018060575,0.7788618725035642,0.10403105688451025,0.9800036556110487,0.12200176692855065,0.19883685481268543,0.6689036380597357,0.8780627473645569,0.24280665828434667,0.16802771293695254,0.8930958607464726,0.9390666179457844,0.8105448777549285,0.5372893546671992,-0.2946594193760054,0.07818673278379891,0.8860730727239413,0.7509722187208857,0.9188865727506794,0.898762816176536,0.5313736765928586,-0.08337636760376486,0.8878220767656537,-0.29028095853981833,0.48723224970733486,0.9450813422365517,0.9293243561792708,0.9539885841913787,0.5893020514847425,0.30745026300971995,0.8132444272736097,0.933318579108334,0.1729617239422857,0.8064943798256312,0.07214012082171121,0.8824982105909442,-0.07326921326534133,0.6390299693622563,0.14831331907577858,0.9801838605642073,0.37794355529830465,0.3309461626529227,0.39901659424010244,0.43283084096393065,-0.02563781081264682,-0.31239042136694567,0.19367698963232505,0.5451636066464532,0.771923249553633,0.9761247990171225,0.3759417290362135,0.9719395025283217,0.9753421911955353,0.9669016646470174,0.930289395596955,0.9116594254598407,0.8819239869495274,0.9694707429504573,0.7363651916072543,0.972466314737721,0.8068752155554302,0.8392621512495104,0.9304870125643873,0.7997426064377057,0.7709728463584712,0.9234282259130532,0.28242851365317095,0.9686590856724419,0.6845047000260834,0.7057301899883108,0.9071918663458112,0.6140415700710409,0.5338582525251286,0.9564475862158303,0.9709655596246509,0.942752065618314,1.0,0.9242176531675643,0.9744262777030267,0.9780874580158795,0.5151535967017385,0.9261638310613524,0.8000633022753455,-0.08943331025229669,0.4456305807264006,0.8908124202065489,0.860356905591013,0.9347894344020528,0.7227921459887298
8122,0.350509846481998,-0.30872832964523816,0.3558269994159027,0.8297921119706033,0.8081287860099164,0.8299938375640373,0.9422269610971409,0.9115876528880074,0.9258399758620054,0.8669637563612215,0.9367461314592105,0.9131321247491119,-0.1253237251640809,0.9193740532536279,0.26913608885102563,0.9174815479234677,0.9397225866561069,0.9372840482677106,0.9430346717077932,0.8353468348174907,0.378549692772038,-0.019852463189675817,,-0.3148530982139247,0.3801911930898941,-0.036863385208020974,0.23154853112717952,0.38235292849320573,0.8400540903243475,0.8488129044968595,0.8760130709632468,0.923826243656599,0.10634928564811219,0.8934980693182059,0.3195788142050157,,0.46077935243108337,0.7964368018656774,0.4845583405470448,0.9068774943138944,,0.5038616120726865,0.5858226125000382,-0.017991118657467584,-0.2585834838992643,-0.030138962264395008,0.17529568841795065,0.5007709103570825,0.13296593146066824,,-0.06962353502665013,,0.5794324369264656,0.5142000563033741,0.36927980859679416,,0.4332692809597775,-0.1835659581164189,0.4109973796541548,0.32702319864681606,,0.45276914025054266,0.4162081145951614,-0.04339332978659071,-0.026305831254087374,0.7380523532871814,0.8261049388189395,0.8130652070137303,0.15257144498806247,,0.08898962474158019,-0.06860190821409887,0.11407645895296883,0.8954199429636497,0.6510367027245234,0.8984769251838296,0.9176304906829027,0.9045921843751192,0.57332903685853,0.8955628898578647,0.9219944385957803,0.9169189295134382,0.7067727796206361,0.8849675876638496,0.8953347671994696,0.9097171341527028,0.8229384758375757,0.7519794958018154,0.9335683705241137,0.89470576116512,0.8882049083529182,0.4195425794482883,0.44100797107111767,0.8816005798226255,0.15111379234154143,0.28774998756528697,-0.02947070657399649,0.4959259646879196,0.883783384131485,-0.061799693217986514,0.5993802525390778,-0.061522617053482435,0.7943783912764866,0.1772113733635193,0.9191416231502614,0.02829741017638187,0.18313647953025058,0.7031556705900073,0.7729011822541948,0.06576602198506584,0.15083318318643563,0.8745786683206815,0.8599701281234147,0.785345410016968,0.3941584689210376,-0.3212854949615274,0.12068202143397655,0.8374519550754086,0.8272569055448626,0.8729345160562388,0.8880556756302117,0.5376362818277901,-0.04142135936604055,0.825695893514583,-0.18510002825368888,0.6409137867763278,0.9162257314432365,0.9278620720412112,0.9210625470224378,0.586208551579824,0.3085010010034369,0.7130026342233613,0.8624431162379217,0.18794293076099616,0.8247482193379002,0.03730741420054034,0.8676668470568875,-0.1253237251640809,0.5277551983815807,0.019217898574600434,0.9285429131682096,0.47473922446232275,0.23451186584429193,0.3184647875819538,0.36409847011033303,-0.06362935629421897,-0.2783527435275016,0.14470570552052384,0.5643447356430419,0.6949977648149892,0.9408458278027139,0.38512242232439037,0.9201586550602566,0.9204937626348494,0.885458368076851,0.9146475744841522,0.8335804007997449,0.8286812365927525,0.8975808726651838,0.6029575612723587,0.9226314397645532,0.6762175652353842,0.7038496692395003,0.879781684465785,0.6758071703310387,0.6367963064724198,0.8897017049757957,0.22124611924442067,0.9281817011349205,0.7749405838140637,0.7491670809402828,0.8944999984993635,0.4516848792997421,0.41949471580627734,0.888766830951321,0.9239395733678588,0.9404711632711581,0.9242176531675643,1.0,0.9236728488183347,0.9169321693306389,0.5160078797650118,0.8689482206803318,0.7114608681666831,-0.13090299028642607,0.4464127650478257,0.7830624684817252,0.7737661214375606,0.8926124737771987,0.7561188420308788
8123,0.34093115503048466,-0.31846631431049816,0.35701843170792147,0.8739538450889004,0.8493174667317279,0.8490597002492241,0.9658044717332993,0.949011312621478,0.9770427184127215,0.817725310098377,0.9456053362810839,0.9484157468869637,-0.20072974616574496,0.9610185832266179,0.26926783890500017,0.9740988999725868,0.9419284835089644,0.9922776966129679,0.9877175188961443,0.8930050005990017,0.38219729692669857,-0.09082614787633057,,-0.3315564119555457,0.41638489310288446,-0.1425748695260831,0.310882488522263,0.4103657255152911,0.8918370506421816,0.8959406708158106,0.8934051932559014,0.9666847812303022,0.09018410844819069,0.8993337930095031,0.27494703256873126,,0.4289570368605087,0.761404228601754,0.5000039689610636,0.954136566041846,,0.514562019032023,0.638470878193369,-0.034008645856982773,-0.36544970201210114,0.010440150200212096,0.13851713410050573,0.5269313385077915,0.15767018055427204,,-0.1248773837376663,,0.566583976050179,0.5486880575005418,0.41924512822059934,,0.35015791275613617,-0.2143792795951115,0.4522887321480927,0.39460290855933045,,0.3951223835287489,0.4786099312481506,-0.03080505056661361,-0.07036682274729852,0.7650847710982019,0.8016993072156346,0.8778506172676624,0.22098788039023382,,0.10658253926635186,-0.05074043270810834,0.14089651382617951,0.8578365524451557,0.610580083226786,0.9127929267141867,0.9511244971954076,0.8719265874189032,0.39041001318450536,0.9648700325368066,0.9419080105237994,0.9819000006247612,0.6409494112650963,0.9214847625370713,0.9348318406090665,0.9286398563731569,0.8476042715951756,0.7384553045444616,0.9596718109894411,0.9137683255339661,0.9046083307246882,0.40695408305137665,0.421970101617861,0.9360556854969163,0.1609825084711417,0.3747709130614087,0.02864981362617117,0.52459361074761,0.9269357584500957,-0.05548530176552823,0.6257447778149712,-0.1079392994778567,0.7513758119851008,0.057071434684407854,0.9721647229583857,0.024800210641924707,0.2168697733512791,0.6698417653540342,0.8272746566397461,0.12892490113595426,0.15591270096143303,0.8948466124837804,0.9149509112176644,0.7670640380694085,0.44057445545279494,-0.32833258691872025,0.03255654561031719,0.9311307263118369,0.7747337237680078,0.9429280106844875,0.8900152709333228,0.5132843939328101,-0.18477926307191644,0.8289266232749107,-0.25649541754073535,0.5248676217743414,0.9368280994421433,0.9460729334936263,0.958340896440338,0.5609368688476548,0.22984331867958013,0.7619180746869371,0.889972106145632,0.16969873833439514,0.7716028227795348,0.021291826209414288,0.8465053592893982,-0.20072974616574496,0.5431029948197166,0.050989849321919196,0.9794618237775198,0.39196765114887555,0.2810563299422483,0.3374440645716305,0.39452962589451596,-0.0767678525434177,-0.3957768091146435,0.11868591414934199,0.5730284087246386,0.7062608724446913,0.9825498278623068,0.3091626760734607,0.9728063183825105,0.9722911137944644,0.956156152010043,0.9306844712378346,0.8707870391090321,0.864593468845125,0.967297756847633,0.6852304896135325,0.9679118847072373,0.7890991936427688,0.7989161760823325,0.9299613501178727,0.7419994151759793,0.7254691843287998,0.9272944524979633,0.22453683358519452,0.9733245232240142,0.7146628836090118,0.6682167841859254,0.9230763848028875,0.5311196396495992,0.5139393627324923,0.933931721298863,0.9883063626886068,0.9350315271581555,0.9744262777030267,0.9236728488183347,1.0,0.9834468906472322,0.507833826833784,0.935523238942703,0.7740633770782265,-0.12806339995410568,0.4236481348179116,0.8404526547657468,0.8307465748304304,0.9364516497963554,0.7480590928986289
8131,0.28769550169446495,-0.2894122042216571,0.379593997222015,0.90065339677274,0.8714262547671118,0.8639728765876171,0.955387454905341,0.9593613810046822,0.9736268678241506,0.8085124204201833,0.9400347713639801,0.9536786600779006,-0.16561090312903642,0.9709834190218429,0.245338879079945,0.9862382000443741,0.9248263105012783,0.9877413053999768,0.9888128171660433,0.9202906041398002,0.32203957441876163,-0.0977827054666436,,-0.29719819567149025,0.4284761822434064,-0.11625342699168707,0.36656281905041593,0.4587155099554691,0.8964692600328108,0.9181230960257305,0.9129637277290772,0.9558366577386714,0.10478304351725222,0.8902823493523999,0.30636902709714914,,0.42008638709270185,0.7459882891702927,0.5085933527666712,0.9647244046957161,,0.517844892711596,0.6659197520306889,0.00021909098235855718,-0.3636881741403996,0.039844795914452016,0.118805373932447,0.5606351800760521,0.1431403926390635,,-0.1411057829896587,,0.5503262264106771,0.5674797028786676,0.4285936708545661,,0.3461069683053052,-0.217198970908888,0.4979449853715272,0.4234492092001957,,0.36920389831115963,0.468371991138209,-0.03463474172598381,-0.05677935995826932,0.7977936085518325,0.8072012413188409,0.8831392073094795,0.24212129371447297,,0.1050366200453259,-0.054885888569593144,0.16452564445828968,0.8391519079499052,0.628812249405298,0.9160531114182594,0.9517818019425575,0.8482478600477165,0.37620264773586476,0.953304194484397,0.9116196127457245,0.9804888235638987,0.582656932091643,0.9189235490803207,0.9170402230685654,0.925325793888241,0.8465827227490187,0.6979616509057698,0.9594290171616057,0.9155854527796319,0.9030194376463501,0.43164089941309625,0.3618311866024306,0.943273133530904,0.11535824982550973,0.3758023736583751,0.07521719779637179,0.5213094292966676,0.9310791168467233,-0.07612813479831598,0.663152613077447,-0.12786519083670989,0.7303819759809534,0.0433919080583325,0.9756015832979564,0.07632980578468056,0.20772169696469459,0.6738629917163308,0.8550812192831476,0.19042889716417802,0.15902842672824952,0.89973236100845,0.9258060274890471,0.7511110252946064,0.4959764304510152,-0.347989915216659,0.026284643691003334,0.9179433138263372,0.7363336756944935,0.9313991140958192,0.8798592539568212,0.4973206142355664,-0.167898730263596,0.8503111634585135,-0.30974852959255705,0.4732937514567436,0.9328756408220981,0.929868431187523,0.9554374850947276,0.5607226641653811,0.24182181130274386,0.7999083341821873,0.9063795723248952,0.15332300142931207,0.7595460834845673,0.05627603674959188,0.8413677298583806,-0.16561090312903642,0.5867104421307427,0.1123247385440779,0.9790191599529493,0.3655713868863787,0.303984474093239,0.3742900096520776,0.40893930034185483,-0.10230575072407096,-0.40255949806809393,0.09647790328408182,0.5499680543092312,0.7182053626048128,0.9805910061493822,0.3533946109796658,0.9831792116549692,0.979579020152409,0.9762809447844158,0.9352414744521943,0.8959758557610271,0.8779577840603787,0.9787687286958144,0.7171552962186147,0.9812288248710855,0.81568402173563,0.8387533077544123,0.9439248685450575,0.7886395516560667,0.7548924438872795,0.9261058342306743,0.28303976959635846,0.9780087631591393,0.665818613333784,0.6566881593586796,0.9158837230766553,0.6061915147266387,0.5540273558236763,0.9514829876897662,0.9821979910854022,0.9312270051861271,0.9780874580158795,0.9169321693306389,0.9834468906472322,1.0,0.5096760930859556,0.9458672649157129,0.7855085818614584,-0.100096560290297,0.413820754512685,0.8747020975177788,0.8468560975443732,0.9431738417127125,0.7091776604761779
8132,0.13876259171800312,-0.1880564438457091,0.23911370494898437,0.4489341751355146,0.4616259665679359,0.47636728529667427,0.5703510557075873,0.5241012504076638,0.5684003842894854,0.6094758064338165,0.5612642813887585,0.5424674596227992,0.11248732418433109,0.5212837244288614,0.16705549608511452,0.5336661265885528,0.5424763922560142,0.5290772855165806,0.5349875716792816,0.44555440516465183,0.15837516992062703,-0.054545988046600796,,-0.1905884843385998,0.24017856509285743,-0.013384589592580601,0.11232785334185559,0.2563652115173411,0.3850715131662234,0.4593047549506641,0.4992301193304538,0.5401393968184011,-0.03222400476145919,0.5510200778733065,0.24835133499398632,,0.3857615008183211,0.5246361548877417,0.2333082167134068,0.5074151963518846,,0.23293649336109942,0.20894782992933264,0.05084102290496556,-0.09741989280649249,0.010092305810226911,0.08489992204946807,0.2422283510466557,0.01831857161778776,,-0.15109149307856698,,0.4514980727990419,0.4088940123731694,0.34485521416431353,,0.4057006243012084,-0.016210316938914057,0.22602476574444244,0.15096920037366848,,0.2551239176277207,0.18515276611366127,-0.14348056826531874,0.09219429581003756,0.3834247238342609,0.5149190606047779,0.4577409861823064,0.09758343043348318,,0.207814269749123,0.022247883834650435,0.13102573925361988,0.5130259902263057,0.34993592640180704,0.5871900372384103,0.5457057613420823,0.5569690973218888,0.2938165582269103,0.49033405212936293,0.5524007552345769,0.5289898985642365,0.418030158991981,0.590737076006969,0.5446191096590706,0.5944749930455355,0.5913007472872801,0.5393614359188502,0.5093785125875496,0.584248679568676,0.6000255623710583,0.19999298264205773,0.33289008403949616,0.512468529709438,0.17733522189178538,0.1471531186093604,-0.1561616002172732,0.20447203661799282,0.503990934850161,-0.04903615235505248,0.3055995026343567,-0.004499196708316,0.5038348442859607,0.10758912779582662,0.5019640931007817,0.15947976216968923,0.039508288514932564,0.41871870538071654,0.5056902748677523,0.06502712055788912,0.05567936260557941,0.5655633099987974,0.5082003007045817,0.531881112767688,0.3728094787050914,-0.11742844592173471,0.18643908042951476,0.4245375196690808,0.5781831793288819,0.48118044899073986,0.5906334564855764,0.40031204313480656,0.12093640282609375,0.5098640652702999,-0.12222716683631854,0.44236397846960646,0.5561878585049389,0.5089423393419011,0.5459196361764945,0.41010086377954036,0.14433991563491586,0.4174072174605205,0.5222560567076264,0.27305043545312424,0.5861374427164844,0.012598386954658399,0.5897955536969544,0.11248732418433109,0.3581608131583047,-0.02501446344069892,0.5001428020917188,0.3053178896621916,0.16112330072158756,0.23701169230321686,0.014497078431625959,-0.02359698366475149,-0.05885138545341951,0.08455084365333282,0.3033487467098574,0.43356572231933,0.5441794603943472,0.2286658804009957,0.5447964029237672,0.5430359656816273,0.5018597393061635,0.5944823246813009,0.5362104017975385,0.4555892874406462,0.5058013134091264,0.3642057288217365,0.5557511127064385,0.2995490836932979,0.32685714238569125,0.4776455371084636,0.35145190878078847,0.2942365339734639,0.5268891511457767,0.2412274340697378,0.5439154099853067,0.41840295928287924,0.48268589218384905,0.5891215524276294,0.21686679273180143,0.17772657239086428,0.4927565257038893,0.5166944099537449,0.5077640429722846,0.5151535967017385,0.5160078797650118,0.507833826833784,0.5096760930859556,1.0,0.5004149616360029,0.3688640552515352,-0.0005522628738337507,0.2562256371405554,0.39588819461594604,0.4839577200970579,0.5648560269179156,0.4648474969508297
8133,0.31034050067474744,-0.3043658232027392,0.2857487841966395,0.8255882901226338,0.8045833715986916,0.7905398617037592,0.9172807287847072,0.8991944187794103,0.934387732797166,0.7685479689790633,0.890607946898668,0.8921728902366451,-0.1919202204324931,0.9107832006073,0.15384637748157692,0.9388983471959013,0.8997631645401749,0.9512628012625549,0.9452605846244884,0.8585372430732437,0.34063109527351093,-0.08827890383069772,,-0.30830255028294967,0.3303710541818917,-0.12834725316804385,0.29411907095195117,0.3709400550548088,0.8197963350346188,0.8477363493946649,0.8512670739406605,0.919947938774853,0.10113116718958949,0.8933656375175514,0.3118102801782914,,0.450056680319056,0.7515970182500159,0.5250084641069198,0.9047404200048754,,0.4441809178807607,0.5776416262711886,-0.008818010416002393,-0.40270760022357593,-0.050222550285323686,0.09679448229335505,0.48466618784811827,0.07406649724705254,,-0.10790702423333624,,0.6021613053881698,0.5221241860457136,0.39853828680554215,,0.42377125491921974,-0.24473579633399384,0.41632600985592955,0.34934356527097876,,0.3976477945145629,0.44369576452240855,-0.07247484435760924,-0.04906234779513812,0.7100690511378032,0.764753302218763,0.8310564635503266,0.1557146171758037,,0.11811762441255874,-0.06389953522684974,0.14262755524642445,0.7876883058413466,0.5421731396603022,0.8766042322170796,0.889932258854819,0.8096489694471528,0.3399232649170669,0.8886084389460714,0.8732445114880801,0.9319371002624564,0.5968601743442798,0.9074497929598334,0.8845156723917287,0.9011096580059381,0.8547243806021658,0.7114503941534696,0.9145120345286146,0.9052804424528165,0.8867312245130037,0.380604899512349,0.33902846297392064,0.8745797131835644,0.07518072519484299,0.2942845405447877,0.049897474439578586,0.47602016455182217,0.8965505329974348,-0.08808785555687128,0.5866819600430133,-0.0960533346482681,0.6971672227662915,0.0543905841212188,0.9201382759085548,0.028126651018058054,0.17496307614357096,0.6715043882463736,0.7788791397447795,0.10200937147882594,0.19431006715725332,0.8661684811280143,0.8972156640761294,0.7141066491978352,0.43095855539306216,-0.3078963060419773,0.016906153412378562,0.8904281933791284,0.7316128759453738,0.8754775876703643,0.828530813716669,0.4983035761705906,-0.19816412113856022,0.7785862458981122,-0.27236847315485396,0.498152295941012,0.8844995804121464,0.8874724875891852,0.9066746626411974,0.5489215320595014,0.2029887559715633,0.7141639199954162,0.8365127786095119,0.12320751697416044,0.7121671449540116,0.06022092158693431,0.8165357437449322,-0.1919202204324931,0.5198056605897167,0.05467352922463322,0.9244946384285957,0.40474228510614063,0.21472297299961732,0.28820891684844174,0.37418570181985183,-0.18155509415060342,-0.4437980889448979,0.004748061366503507,0.5677980359264857,0.6152130145921223,0.944133472905107,0.37996526533708913,0.9430011835534448,0.937702399657401,0.9277046222956133,0.908506893669153,0.840788110301971,0.8319205562594818,0.9403236259508192,0.6675733902381333,0.9399609895124106,0.7480218220207598,0.7685045311219626,0.9332067823392474,0.7307666359606907,0.6438944195759995,0.8844052183243766,0.24321074524364508,0.9357328367137377,0.638758807849386,0.6277378049378212,0.8751604215237752,0.5361192228328597,0.5609554159297178,0.897327547073681,0.944544031030832,0.8859013149356851,0.9261638310613524,0.8689482206803318,0.935523238942703,0.9458672649157129,0.5004149616360029,1.0,0.7128708257695316,-0.1024547873096605,0.3613323190953145,0.807688054513356,0.824550244531924,0.9188847537655855,0.6981317025811112
8134,0.013921013253654628,-0.12957376306318455,0.5151710061973751,0.8354760889227932,0.8320572312993679,0.7991782641145516,0.7204303567531052,0.8223972623852313,0.741522630160519,0.6133126545190413,0.7702004647177553,0.8059294372218261,0.04474758661203416,0.8198219286419707,0.4466204648781366,0.7935150242967315,0.6740933433108226,0.7579198942219836,0.7664003478452942,0.8557187098864054,0.07631115214576957,-0.24513826777220887,,-0.13755166770458654,0.6116144021528207,-0.19553464358839548,0.4799180778706585,0.5634849032541958,0.8072025162765619,0.8284723147874375,0.8096830713698946,0.7229727428459354,0.037675686322960374,0.629817728120981,0.31010057640658306,,0.2746004910753263,0.4512714147770067,0.34888733992148824,0.8290744392156035,,0.561378151001819,0.7196370005305042,0.17704527351591265,-0.1066458152326962,0.2534743746212375,0.1485867258349435,0.6485915043407893,0.11949739567129763,,-0.1691399921407809,,0.220050455144994,0.5583908888743543,0.4104672070046874,,0.04997315102404898,0.030912543283406545,0.6711535362348773,0.5193769647948638,,0.1551518327455684,0.35487727011034786,0.1354093943941235,0.01169735233791362,0.7909537651187661,0.707962957083801,0.6944300294410014,0.4134128123684842,,0.2074194590225587,0.06770322349738214,0.10682966416730968,0.7147573761362593,0.7088749128637396,0.6898151398688196,0.790112417731488,0.6279850984613838,0.40085679846076805,0.7855461279173337,0.6812062151048313,0.770221818514,0.2512753143681731,0.6324421842675986,0.6849885979061252,0.6551318523879286,0.5514612125578643,0.35845065298510587,0.7638811623549889,0.6489136975165805,0.6199545263956366,0.44224713264636806,0.28851270825746844,0.7706199317180411,0.11631554774843292,0.48947633430933374,0.3165581023873946,0.4315884396949526,0.7551798792408205,0.03509378398066525,0.6430631863616098,-0.060196131224135786,0.5474943350173593,0.13592825955085583,0.8089454661100285,0.27653750603465865,0.15012101325214303,0.47645266657951096,0.7852580622928866,0.45935536926477044,0.04849333504719184,0.6554487362269652,0.7506682401415173,0.6115058662197441,0.578822080511546,-0.17381583302488593,-0.009526909571124474,0.7059866065337584,0.4390842945536769,0.7457424013807873,0.6853932874464495,0.38497451769218144,-0.06371608767151905,0.7779178135748488,-0.3552543392755765,0.18059823380099022,0.7669336771531824,0.7266138793085765,0.752999824259912,0.3603967055902173,0.3424059278651403,0.7617734843958495,0.8061175115378669,0.17908118343532445,0.5837782594550958,-0.002665452178791873,0.6450986496159086,0.04474758661203416,0.6720861416000811,0.3352110371437899,0.7966902957870222,0.16193789080840626,0.38410026328759794,0.528806699713252,0.49738409556587515,0.18343094139034194,-0.17611338241922148,0.31740370417894737,0.45641332787307715,0.77358842291887,0.7466261304658058,0.3534880885415655,0.7613132246779262,0.7766064589356003,0.8012449708293993,0.6775248926406502,0.7797026658334446,0.7838185757820013,0.7888546681132487,0.6564227624243053,0.7613413961918916,0.7890113006867293,0.827506402560431,0.7011972895055324,0.7413777918243433,0.8400581822296512,0.731545107971973,0.17274004341463656,0.7550235490629824,0.49005647998593527,0.6039129739703835,0.6738435562839393,0.6789722637530892,0.42824612022750186,0.807400831584328,0.7691229678815111,0.7485677559944908,0.8000633022753455,0.7114608681666831,0.7740633770782265,0.7855085818614584,0.3688640552515352,0.7128708257695316,1.0,0.07139481892528453,0.43760987595811895,0.852030369420429,0.7293925743828472,0.7184833152586214,0.480550847968332
8139,-0.2074521472756186,0.23116072781952365,0.2389896071807782,-0.015384304849198059,0.05063089334877992,0.01299593790514557,-0.14214219231475064,-0.05952442445440721,-0.12465936763102897,-0.05358919777941467,-0.08320054680074149,-0.05009073377950941,0.32332373356149907,-0.08066390491635059,0.10469032881182895,-0.08933711231814326,-0.1456579734779229,-0.14498875853003915,-0.14875228727945136,0.05178128525491817,-0.14792021677569483,-0.2978866938852412,,0.23116072781952365,0.30907815271213307,-0.12548454006689636,0.09321035523181459,0.07626125042176694,-0.09663766504743955,-0.03537198724392757,-0.04453452412318045,-0.17734561998941123,-0.032166810766695704,-0.1748870424890879,0.0950063989236565,,-0.0964055774072078,-0.23248116847951636,-0.08680059880237324,-0.03885932745112607,,0.0834228245154396,0.04535301589687347,0.19773137630004298,0.2225498158790714,0.07990811805512862,-0.00823391189227947,0.19388150076450206,-0.10137549957666092,,0.004363706444735288,,-0.21774392002292114,0.15243628223325784,0.09797091042381775,,-0.24513118773172626,0.07674873594939005,0.23240876036050734,0.15790286662529227,,-0.08632606246832225,-0.09908275602992976,0.09549016062644848,0.19717850316464677,0.04067621361237451,-0.022541380566933816,-0.0875101833456711,0.30998881893312746,,0.1668923493186752,0.1737363479182476,0.24754650272906353,-0.0914758608911925,0.02203876316005136,-0.13734407417700462,-0.059152056032678736,-0.15715356124806726,0.009505164964131362,-0.11651178890554358,-0.12064233581457118,-0.10313718624605307,-0.2974677359995383,-0.13420719296778308,-0.09375195912579544,-0.14668233211973689,-0.1691921675712757,-0.23087816564411562,-0.14416377984886714,-0.0986751449263662,-0.16129344717506844,0.004155301808878089,-0.06430375475848586,-0.1054342116190399,-0.10708930542001222,0.12187859806636905,0.15661815869780044,-0.1828888710299616,-0.13592810812046008,0.142127758429255,0.06725081888745324,-0.027986014499033596,-0.06897481947511949,0.07481308774756668,-0.10356145692799323,0.18122721486781646,-0.020315947566373973,-0.1105671729893566,0.07976074501711702,0.3729615997555374,-0.24418020921470868,-0.13306495630148157,-0.0888724908275095,-0.045964194512791184,0.16434606754212944,0.08993876740437745,0.11732475669090316,-0.1475026480254699,-0.1785587526321077,-0.04211223363810743,-0.0717611238170102,-0.10042765082871244,0.15777902738450073,0.0260592900408874,-0.0708475527376255,-0.23744593425070895,-0.07423933917900971,-0.16119450449793984,-0.13729746168940246,-0.18410498891711988,0.12708970091936486,-0.015408253996490774,0.022249658878630812,0.02453305127647078,-0.0026337589383860463,-0.003408905206901894,-0.08755306694428759,0.32332373356149907,0.2813218655997284,0.1807458249683208,-0.13109300240189015,-0.1704315733064728,0.1342456811429007,0.21326872478531586,-0.011803076635808494,0.15108061048981022,0.12641729292271237,0.06948560606183517,-0.015474621878102031,0.13990084282490323,-0.14186374633363952,-0.01898730874127123,-0.11148201090358834,-0.11148348355266863,-0.052176873978091586,-0.12575766482467834,0.037361194010849516,-0.017364099264296842,-0.07450062122100365,0.11536124605013977,-0.1134506884085661,0.025590609301330523,0.04999861410725794,-0.13472775990971678,0.05703425070016672,0.10283283083238949,-0.09223545432902787,-0.032502712755919906,-0.13279723307804991,-0.09542757700254768,0.15216733552897882,-0.14033569290154183,0.19972268146853173,0.06512040480125345,-0.06001570986516218,-0.13840406043155667,-0.18284437369204565,-0.08943331025229669,-0.13090299028642607,-0.12806339995410568,-0.100096560290297,-0.0005522628738337507,-0.1024547873096605,0.07139481892528453,1.0,0.033022715076177545,0.094122696163538,0.06877960903499425,-0.1615934364702604,-0.1501800865011415
9211,0.0675426125766657,0.01308637587849365,0.3010542328523839,0.462403121672121,0.47337481745273435,0.4460337034104631,0.413525126273617,0.4608352641796824,0.41122239262513327,0.41385496972490454,0.4413266444155913,0.465506018024291,0.14141072697259494,0.4529297226167179,0.33650679587166676,0.42748273209802246,0.4051471123003521,0.4056958569425679,0.4190939964570862,0.473544889815288,0.0913199505191075,-0.04304121937632029,,0.009396467095008632,0.34373050900227253,-0.05844854064453632,0.18490361061921476,0.3308069509160907,0.40247427282439624,0.470101251373187,0.456259097443386,0.4026539182406662,0.04928742268628479,0.36312952809623195,0.26302015830076264,,0.16062006861793546,0.2534100033528582,0.2303317020438286,0.4568646973990251,,0.3377003278981674,0.4158163528535486,0.1096441192891899,0.0777751615120758,0.10149354515246638,0.16970515080561302,0.35399013848709737,0.14052005961743744,,-0.13424037372545733,,0.15412217035199482,0.28631541350119427,0.21563440422063115,,0.061271772128207266,-0.01496486904765108,0.38854508453597336,0.25531186777440595,,0.15379828104554616,0.058914814958218695,-0.006871769550517206,0.11979282820007411,0.41520035227097113,0.4587473907788073,0.3061862587030143,0.18118203669256377,,0.20493086500074867,0.0259622777359607,0.03403712875096562,0.45232923790015644,0.45416496823954944,0.42429722006988185,0.45010238775878986,0.4046846342994304,0.37252935588776326,0.42162447400861824,0.38718373029483205,0.41410488284142255,0.18628430676406163,0.3494448593481578,0.3813408265269132,0.38304346472504736,0.295616237895683,0.2022050013390505,0.43811660976530925,0.3731528717848603,0.3448418230199811,0.32235272740123666,0.23792575281434425,0.3994219398133503,0.10840256417963802,0.1938032762859332,0.09232198575347396,0.2883579951622264,0.40147514284189145,0.1293739526143427,0.41248568988983936,-0.058184769225187574,0.4121663159422582,0.19733329657831955,0.44169462786429603,0.17794276238734433,0.16587966872953205,0.26529713718140324,0.40660484975177635,0.23637627638642406,0.07440160726564903,0.35794387234760683,0.4301869197298309,0.4187489282292097,0.3083455169154223,-0.06641422378775991,0.13241647213645727,0.3576402000271363,0.30613181704710934,0.40685261655711613,0.4127870169037541,0.23955594928973806,0.057726401496036445,0.46483872854694813,-0.1158659370431703,0.21908643160438643,0.41499041680456317,0.43462501776521767,0.4049133662620493,0.2669714937003958,0.22765321244600548,0.3651792143033913,0.46643933052578473,0.2246367226116915,0.42557678190239057,0.06402344871008951,0.4307825663088124,0.14141072697259494,0.41104286250522565,0.1662421688481875,0.43703310289602987,0.16354938611912,0.25698643764977264,0.30844707861082776,0.2019796772401872,0.19195894972010372,0.07187281596199988,0.24885115352371273,0.18413313233847434,0.4677563998082259,0.4184237703866678,0.3066100643737294,0.4046282785653845,0.42747571023615544,0.42422205991177125,0.3964011974034202,0.4084848723638289,0.480759694453693,0.4215060292726031,0.3098463626257924,0.41407046289081734,0.3845255229451218,0.41977850328851884,0.3716194224161364,0.373483942560003,0.44390491843412183,0.39316350336993827,0.02387650215957095,0.40763974772634165,0.3590532992404073,0.4395333942081512,0.3180224072875729,0.3205695635228186,0.1999462977374625,0.42029945253726203,0.4048204010624629,0.4299107943421885,0.4456305807264006,0.4464127650478257,0.4236481348179116,0.413820754512685,0.2562256371405554,0.3613323190953145,0.43760987595811895,0.033022715076177545,1.0,0.4679075115411022,0.41494757659156767,0.38417534968982353,0.3266343162352898
9221,0.06828635431469718,-0.15974924976615118,0.5939986809233069,0.9290552671292817,0.9336114130183142,0.8531756688897282,0.7824911509551429,0.9105756738275664,0.8307696909937894,0.6782623182836678,0.8545079821310683,0.9039879638469157,0.05201344936444381,0.908577008469089,0.45143233298442903,0.8892550635022396,0.7617729875249669,0.8329769265264266,0.8431616640114327,0.992444281176147,0.12882717584290035,-0.26558290316715516,,-0.15228131798970437,0.6440863632430185,-0.0828279644135632,0.5019845049944192,0.6033306401010824,0.8753263396885735,0.927839826161711,0.9115776639344656,0.7859238554645184,0.1382750105493352,0.7032629706524389,0.3701241982516412,,0.24162666776914704,0.4906785263082331,0.44253650320091514,0.9185086826307666,,0.566358122729013,0.775329937493198,0.24017908297712132,-0.17942824500368332,0.21676171215366025,0.1391577103288391,0.7278493675308022,0.10935055651735812,,-0.22628673482774145,,0.28316762709992827,0.540926766062644,0.481216843610985,,0.054743756945795384,-0.06335868967639169,0.7700377198546947,0.5585453131587226,,0.16275801847778318,0.3079809583066916,0.11898810903482507,0.020099669285998312,0.862275475367165,0.7800226692255413,0.712160616437215,0.4696201607343816,,0.2141320665218275,0.07585480003365978,0.18707723429341536,0.7766645943828193,0.7429091095626157,0.7630467168245414,0.8641795393648484,0.6728828193289608,0.3638743957310584,0.8148127871000925,0.7207828921556804,0.8346226608772357,0.2618169238874329,0.7022412106641094,0.7660462996910156,0.7275176187592959,0.6063180362039924,0.36725121096023877,0.8195304155775012,0.7343358596782564,0.6861227569106819,0.4970151619198951,0.26123281003902377,0.8648665357150129,0.09097616710221766,0.5835009903010137,0.3611172041248978,0.4313532177483032,0.8404805521897876,0.06500785876684748,0.7930690454942182,-0.1327186236784696,0.6226615178256218,0.19279997849926642,0.8999123483677938,0.294711146632335,0.16379038894473996,0.510970104742129,0.8626266000343931,0.5239472626720988,0.06120113504528203,0.7036207584879516,0.8595646735734691,0.7173781617874917,0.6128609693021091,-0.27447798474386537,0.016428321401382624,0.7978468162711334,0.5051123136870361,0.817493603970939,0.7167483544186666,0.4159518468883429,-0.10433075555028827,0.8514852967208576,-0.4121634678529687,0.22401991205897612,0.8518113218752058,0.7930635177557268,0.8085236920549685,0.45487776979632344,0.35669878803973076,0.8267133905799015,0.9038240405548666,0.1027104896471721,0.6758922908333821,0.0727715478352017,0.7498380492627519,0.05201344936444381,0.78974472317086,0.3475604345845844,0.8812022276467796,0.2120601913023775,0.44555389301641607,0.5646200953888892,0.5075622741581557,0.15666810864543246,-0.2135679989129138,0.2878126695613098,0.4525494821902414,0.8396448462276764,0.837047261408455,0.38710438579241563,0.8567311358791201,0.8585593046381076,0.9124641465988069,0.7710021829511999,0.869681532491661,0.8415497844493567,0.9003337687802184,0.7956534163013759,0.860416970981829,0.8981871223088687,0.9390375762117665,0.8281450932999086,0.8553880697103,0.9117473792232689,0.7972758378850524,0.24472374069463038,0.8464848242611184,0.5413583696018358,0.6620656413845702,0.7512332825622882,0.8020357837119607,0.5764321780848021,0.8900631606186918,0.8450561953994864,0.8347499315325629,0.8908124202065489,0.7830624684817252,0.8404526547657468,0.8747020975177788,0.39588819461594604,0.807688054513356,0.852030369420429,0.094122696163538,0.4679075115411022,1.0,0.8512371767788165,0.7970056234915401,0.5565080317741039
9231,0.2362424681171831,-0.2485754999408735,0.45869501389665757,0.7865714821923262,0.813081583523141,0.728728912565297,0.8033810356665276,0.8441311528915314,0.8507514454290861,0.6867047504622077,0.8247722545958438,0.8526139697110321,-0.05237159192138568,0.8476376919109712,0.36722966989695227,0.8639553560014582,0.7964026196903436,0.8355677871122048,0.8281552649288406,0.8793228217305001,0.2938117329566461,-0.20434171156908332,,-0.24182956350829074,0.49928843990358546,-0.08249197171829156,0.282715811673013,0.4895950080010094,0.7425686498071252,0.8082754649731483,0.7897324418392618,0.7971953476134993,0.08031609399664831,0.7628377596232416,0.28331330441185437,,0.3792269906195003,0.5899871825626825,0.5197762164919972,0.8495783718089337,,0.4828773371259921,0.5851009985642474,0.0997381288498282,-0.16592553956583211,0.0024590203742264325,0.1364485517440958,0.5459616719231687,0.07232635076895699,,-0.21082824826261384,,0.4645802450052345,0.5744721930819072,0.420100910547361,,0.1872748562529432,-0.12521739611930566,0.548262550147917,0.4516020812667296,,0.24262807788313942,0.35428259664740563,-0.029673112893401618,-0.05421168032748262,0.6884096786467442,0.6940381388156368,0.7082700883637639,0.2820902008513231,,0.12851051061637614,0.07995609099566517,0.18581291903079747,0.7261219535435101,0.5773374265176078,0.7749302534393511,0.8313060705615144,0.6863308246303924,0.35029156194787653,0.766393456843605,0.7573332113487827,0.8172049204664708,0.4288411817000734,0.7853343549955607,0.8181616177884248,0.7850373645783794,0.712112867429704,0.5492367325023646,0.8015519528968892,0.8071049267765456,0.7586898098908591,0.33405567092351174,0.2807074952918381,0.8232814648347605,0.12370898332280279,0.4597668326909314,0.20364515500869057,0.38184949306489013,0.8301632821132725,0.05303739160957832,0.6493218178833154,-0.10314210622374835,0.6719968369679581,0.2057372039827159,0.8642513760077983,0.0986159368956107,0.23558824814987864,0.477280296861191,0.7701721106302181,0.32818205967318365,0.0963258658023212,0.7571510493049675,0.8099132321048743,0.7677192582466452,0.4881274074195716,-0.2597122680306604,-0.0006097634672890146,0.8122784237978924,0.6205140500329319,0.7992361649159988,0.7135677812123324,0.4990102470439672,-0.14526804323796982,0.7458209244219286,-0.3597503789746667,0.38259217239858057,0.8195710804853681,0.7892489665734466,0.786503745444783,0.5195450322343396,0.24556043922618234,0.6563409497531645,0.8224662194011967,0.12675169402059316,0.6851630558567917,0.11045279450446256,0.7570614020275945,-0.05237159192138568,0.6826622620001186,0.1266689751368059,0.842309296127292,0.34297249075875474,0.38778866721173355,0.35399544680304307,0.417130860212,0.0701443980182516,-0.27052976894664493,0.2221939126366842,0.4818629949167035,0.7178331235447845,0.84261128818162,0.2855361278156712,0.8551731047818285,0.8392156633989772,0.8764015965114842,0.802029335474775,0.8005227547333694,0.7712597182989708,0.8778591354700293,0.7234586469281702,0.8502085008076268,0.7819091615905457,0.7911266072141444,0.8212160818211716,0.6969612105914776,0.7117599102007651,0.8059897184033981,0.13706303871283343,0.8515602454125994,0.5841383566816455,0.6438542062779917,0.7664613510468946,0.5930167022118955,0.4655756435418515,0.817269476551215,0.8522839568895292,0.7641086074598125,0.860356905591013,0.7737661214375606,0.8307465748304304,0.8468560975443732,0.4839577200970579,0.824550244531924,0.7293925743828472,0.06877960903499425,0.41494757659156767,0.8512371767788165,1.0,0.8122958404127004,0.6358386954421085
9261,0.27610882971067396,-0.30294551122375274,0.33390824519249235,0.8563487371013253,0.8352150741985949,0.838960547510373,0.9521241086937738,0.9273389040918911,0.9534472944214465,0.8481633701962124,0.9289185975391712,0.9297367883050046,-0.10684269442883629,0.9362633697902973,0.29068075589439407,0.953073863253368,0.9107406276215267,0.9522085081941328,0.9587438161076253,0.8621227775628555,0.2846593721414149,0.00020275502535654487,,-0.30698039384460474,0.35766767156431645,-0.051497800286700667,0.3354246727760095,0.44826538779787845,0.8430746769916744,0.8741296759778934,0.8857771164788389,0.9428161384685221,0.048973088751732945,0.9165817408561575,0.3343870269781571,,0.4820423411018202,0.789424027628101,0.4831271590918778,0.9250884957587258,,0.4898017925951703,0.6000619874774824,-0.006026777071663868,-0.3024647852048234,0.0359756473887074,0.14131073314539422,0.4934252914324375,0.10842789141010457,,-0.15408027193589757,,0.6008427925351849,0.5834248124186217,0.38169563896790365,,0.45437010487528473,-0.14495209860376107,0.44099705842321907,0.34069272845034587,,0.3858249582340137,0.42641890774338925,-0.02009090888950929,-0.0426005749286502,0.7540985752021171,0.814966204591036,0.8686242927143756,0.16186124253338915,,0.11045874599428016,-0.0604083543763296,0.07109570758797452,0.8488538007627325,0.6211137372252626,0.9376006373823272,0.9320731011361783,0.8568409523321022,0.40190897020515365,0.9035447951779885,0.8972525665706147,0.9481148151103806,0.6373988975227551,0.9357584125122288,0.8975273002749083,0.945818119386976,0.8841437575113718,0.7345427799335165,0.9238104583007409,0.9300986910078356,0.9343892719019459,0.4109255271179812,0.35511260502341613,0.9090466828472887,0.15120846468125676,0.3011500171519633,0.02512228470161767,0.4884139739965008,0.9208079348509576,-0.091533140009071,0.6251312268259183,-0.08563518519887615,0.7732457729037313,0.08404180709651031,0.9291003866886016,0.037485388386368404,0.21095074420687585,0.674910645817358,0.8155530115551567,0.12247053347445984,0.2123141705532023,0.9220125296480666,0.9007585223597437,0.7676750799481962,0.5094113790379171,-0.28801578660504923,0.07870497529437587,0.8579116941333983,0.7905176606018609,0.8572473774513,0.884956339741755,0.5353933064244076,-0.07773370852922733,0.8342846308074338,-0.26406511273593936,0.5499168938547137,0.9148998638062408,0.920976280868093,0.9443562220765628,0.610602089006501,0.27269090537118834,0.784987015920294,0.8744222308613855,0.1795048841239151,0.7875861104790728,0.03633816378957486,0.8784594091277185,-0.10684269442883629,0.5373355467666854,0.10211605140200439,0.935317654692235,0.3910408345483289,0.26213478375091076,0.3288183126190746,0.38837661671750384,-0.0456588481707104,-0.31560797558591813,0.13974398795222126,0.5145100139797771,0.6806412206955936,0.9600541552327978,0.3856227088504622,0.9553539473606825,0.9550102126650324,0.9287738969174663,0.9469789819497572,0.8641274350721537,0.8339887143900214,0.9363185857642119,0.64922895471199,0.9578607853036704,0.7107479466401199,0.7404803002306914,0.9153641327290908,0.707657555123415,0.6752976170347459,0.9094252168618501,0.2973853964880147,0.948822261038677,0.6642633798068305,0.6590868349944601,0.9070679021937876,0.49425703749678257,0.4727470966338944,0.9170502628825028,0.9494679625919019,0.9138390796020569,0.9347894344020528,0.8926124737771987,0.9364516497963554,0.9431738417127125,0.5648560269179156,0.9188847537655855,0.7184833152586214,-0.1615934364702604,0.38417534968982353,0.7970056234915401,0.8122958404127004,1.0,0.7132997095457945
9281,0.605252161253074,-0.3669703889288543,0.23334734457701747,0.5204371656504998,0.5822854091067495,0.5269714750567702,0.7749523557970528,0.6884303897899767,0.7811721372232313,0.7211629878083721,0.7634906272377183,0.7336892627339765,-0.19703508765322686,0.6921116912112061,0.23951199691381592,0.7088588927487612,0.8227748563274622,0.7566320186063702,0.7387767264492181,0.6195769154357291,0.619772338823151,0.09576992404601684,,-0.3648637701455247,0.2277009792746829,-0.01511161668491394,-0.15779022092842718,0.1452228774554155,0.5816690748596296,0.5586034573486169,0.6166327039240007,0.7721305170442657,-0.0610281533964774,0.787201098922233,0.11074875193431982,,0.4239582733545681,0.7017504522776437,0.46654385023003403,0.690278930005055,,0.2861801512354295,0.3334477024545599,-0.18516174515659686,-0.3164374537771176,-0.22224899188488462,0.14596579336510987,0.2778709036418963,0.19411777740310845,,-0.029202828962017237,,0.6548269080259169,0.35152482384889255,0.22573361461693073,,0.3478378480548455,-0.20594161488802584,0.17168452078731655,0.07362116930266764,,0.37391021259267443,0.4266452804528082,-0.10236470681342556,-0.19359797845100646,0.41201288759214133,0.5800202988285649,0.5962194213417813,-0.004181323848334838,,0.064368489577259,-0.13021655178843355,-0.008990458562762794,0.7166156804834828,0.3072477549059159,0.696707130558068,0.7063955410927627,0.7276150394688089,0.38075774807338697,0.6581000894816678,0.8235621044225766,0.7137727744397713,0.7607794650591411,0.7497896354464425,0.8408674824387875,0.7545917149768995,0.695820153655921,0.7667904084316576,0.7065356435640066,0.7581813314060886,0.7137356700137317,0.17713677285221352,0.553243169258117,0.7063499473297876,0.2338195262279643,0.282011800046464,-0.1879641452215956,0.3320395770549749,0.7071847171273312,0.11153282947788647,0.3161623302470557,0.054653935228671936,0.68808899106032,0.11905567089154825,0.7398215372406812,-0.18484749795117786,0.31947664420586175,0.5343511795829279,0.5038661755605829,-0.19958409712553063,0.0932433633058917,0.7260912193273907,0.6856727745325523,0.7438896996148898,0.11434437011190741,-0.3367304423237095,0.1910416899874809,0.7684252363832456,0.8438776282413251,0.718360619572924,0.7009393792403715,0.6255406188324821,-0.15266691864360032,0.5225074328168101,0.004885610264957341,0.7364400204495631,0.7402686773962374,0.7595781625234113,0.7323501475359694,0.4860682851810463,0.14233173518016815,0.3981657749838723,0.646569345060703,0.15970646384943318,0.7625280289094396,0.05967363650010292,0.7745169407844136,-0.19703508765322686,0.29875023930757316,-0.19237763973546657,0.7285753576953389,0.4955413263798645,0.13616874750205774,0.10005138498044816,0.1626451493465007,-0.020910968408108608,-0.2754763353456457,0.07646683378676343,0.5443864404862798,0.5083565817615654,0.7645290525569766,0.2123536144163063,0.7290266125371144,0.6959880940244331,0.6777537405910404,0.7527453331400618,0.5900493033959044,0.5899610601605886,0.7208289321185083,0.3953928639335061,0.7205969374713196,0.5083319860810068,0.44212341656009796,0.689637068824931,0.3870575357760695,0.36210449731856365,0.7723700093921255,0.016398923311859947,0.7534476011839337,0.7687683498225341,0.6174801664134443,0.7973569217706878,0.11681670538435335,0.2646786366897219,0.6319212257682238,0.7580414934807218,0.7169229867645628,0.7227921459887298,0.7561188420308788,0.7480590928986289,0.7091776604761779,0.4648474969508297,0.6981317025811112,0.480550847968332,-0.1501800865011415,0.3266343162352898,0.5565080317741039,0.6358386954421085,0.7132997095457945,1.0
